246438	272535	26082	1	26098	26082	96.32	289144	5295158	9.03	0.49	1	-1	seq05	seq1	
242561	246442	30061	26228	3882	3834	93.44	289144	5295158	1.34	0.07	1	-1	seq05	seq1	
237631	240747	33183	30063	3117	3121	91.84	289144	5295158	1.08	0.06	1	-1	seq05	seq1	
237160	237533	33556	33183	374	374	94.13	289144	5295158	0.13	0.01	1	-1	seq05	seq1	
234212	237164	36911	33959	2953	2953	93.02	289144	5295158	1.02	0.06	1	-1	seq05	seq1	
215767	232639	53772	36899	16873	16874	96.38	289144	5295158	5.84	0.32	1	-1	seq05	seq1	
210892	215767	58842	53970	4876	4873	93.57	289144	5295158	1.69	0.09	1	-1	seq05	seq1	
201881	210941	82603	73543	9061	9061	98.75	289144	5295158	3.13	0.17	1	-1	seq05	seq1	
177800	185316	90099	82496	7517	7604	95.64	289144	5295158	2.60	0.14	1	-1	seq05	seq1	
176780	177654	92655	91781	875	875	94.75	289144	5295158	0.30	0.02	1	-1	seq05	seq1	
172464	176557	96908	92810	4094	4099	95.10	289144	5295158	1.42	0.08	1	-1	seq05	seq1	
169448	169965	97691	97183	518	509	86.49	289144	5295158	0.18	0.01	1	-1	seq05	seq1	
168834	169679	100545	99705	846	841	91.73	289144	5295158	0.29	0.02	1	-1	seq05	seq1	
160953	168663	111671	103919	7711	7753	95.86	289144	5295158	2.67	0.15	1	-1	seq05	seq1	
154915	160768	117613	111740	5854	5874	92.33	289144	5295158	2.02	0.11	1	-1	seq05	seq1	
151762	154920	121134	117973	3159	3162	95.86	289144	5295158	1.09	0.06	1	-1	seq05	seq1	
150547	152041	121743	120249	1495	1495	85.11	289144	5295158	0.52	0.03	1	-1	seq05	seq1	
142999	150778	129930	122128	7780	7803	95.57	289144	5295158	2.69	0.15	1	-1	seq05	seq1	
139288	141682	132623	130240	2395	2384	94.08	289144	5295158	0.83	0.05	1	-1	seq05	seq1	
138512	139197	133850	133162	686	689	97.39	289144	5295158	0.24	0.01	1	-1	seq05	seq1	
134947	138512	137538	133974	3566	3565	98.21	289144	5295158	1.23	0.07	1	-1	seq05	seq1	
130038	134940	143161	138191	4903	4971	93.45	289144	5295158	1.70	0.09	1	-1	seq05	seq1	
116132	130114	158994	145004	13983	13991	94.53	289144	5295158	4.84	0.26	1	-1	seq05	seq1	
112862	116121	163018	159756	3260	3263	95.41	289144	5295158	1.13	0.06	1	-1	seq05	seq1	
107514	112738	168544	163322	5225	5223	96.69	289144	5295158	1.81	0.10	1	-1	seq05	seq1	
93674	108065	182877	168539	14392	14339	95.49	289144	5295158	4.98	0.27	1	-1	seq05	seq1	
88506	92654	187422	183275	4149	4148	96.31	289144	5295158	1.43	0.08	1	-1	seq05	seq1	
85096	86983	189368	187485	1888	1884	95.35	289144	5295158	0.65	0.04	1	-1	seq05	seq1	
83222	84863	191249	189607	1642	1643	97.02	289144	5295158	0.57	0.03	1	-1	seq05	seq1	
72618	83092	201645	191259	10475	10387	96.24	289144	5295158	3.62	0.20	1	-1	seq05	seq1	
58715	72266	215585	202016	13552	13570	95.11	289144	5295158	4.69	0.26	1	-1	seq05	seq1	
57360	58498	217392	216252	1139	1141	93.98	289144	5295158	0.39	0.02	1	-1	seq05	seq1	
52006	57312	227164	221859	5307	5306	95.25	289144	5295158	1.84	0.10	1	-1	seq05	seq1	
46655	48320	228857	227197	1666	1661	95.44	289144	5295158	0.58	0.03	1	-1	seq05	seq1	
40761	46567	234800	228986	5807	5815	95.25	289144	5295158	2.01	0.11	1	-1	seq05	seq1	
36638	40564	240415	236489	3927	3927	93.82	289144	5295158	1.36	0.07	1	-1	seq05	seq1	
7187	30076	263376	240461	22890	22916	96.56	289144	5295158	7.92	0.43	1	-1	seq05	seq1	
1	7187	270710	263524	7187	7187	96.81	289144	5295158	2.49	0.14	1	-1	seq05	seq1	
1	255	271587	271841	255	255	99.61	255	5295158	100.00	0.00	1	1	seq39	seq1	[CONTAINED]
1	255	271596	271850	255	255	99.61	255	5295158	100.00	0.00	1	1	seq37	seq1	[CONTAINED]
1	623	271724	272346	623	623	100.00	623	5295158	100.00	0.01	1	1	seq27	seq1	[CONTAINED]
1	649	272868	272220	649	649	100.00	649	5295158	100.00	0.01	1	-1	seq25	seq1	[CONTAINED]
1	632	274574	275205	632	632	100.00	632	5295158	100.00	0.01	1	1	seq26	seq1	[CONTAINED]
1	1959	274700	272742	1959	1959	99.90	1959	5295158	100.00	0.04	1	-1	seq22	seq1	[CONTAINED]
1	608	275899	275292	608	608	99.84	608	5295158	100.00	0.01	1	-1	seq28	seq1	[CONTAINED]
1767824	1769259	277449	276011	1436	1439	98.61	1769259	5295158	0.08	0.03	1	-1	seq01	seq1	
1765978	1767520	280696	279153	1543	1544	97.15	1769259	5295158	0.09	0.03	1	-1	seq01	seq1	
1756121	1765690	295064	285496	9570	9569	96.84	1769259	5295158	0.54	0.18	1	-1	seq01	seq1	
1747833	1756051	304185	295904	8219	8282	95.16	1769259	5295158	0.46	0.16	1	-1	seq01	seq1	
1735603	1747829	316543	304305	12227	12239	92.56	1769259	5295158	0.69	0.23	1	-1	seq01	seq1	
1734250	1735603	318048	316695	1354	1354	94.61	1769259	5295158	0.08	0.03	1	-1	seq01	seq1	
1733478	1734228	320330	319580	751	751	95.48	1769259	5295158	0.04	0.01	1	-1	seq01	seq1	
1725138	1733345	328667	320457	8208	8211	91.19	1769259	5295158	0.46	0.16	1	-1	seq01	seq1	
1721188	1725136	333569	329619	3949	3951	92.74	1769259	5295158	0.22	0.07	1	-1	seq01	seq1	
1719935	1721155	336926	335706	1221	1221	91.73	1769259	5295158	0.07	0.02	1	-1	seq01	seq1	
1714028	1716860	340671	337809	2833	2863	93.33	1769259	5295158	0.16	0.05	1	-1	seq01	seq1	
1709924	1713785	344560	340739	3862	3822	92.35	1769259	5295158	0.22	0.07	1	-1	seq01	seq1	
1700746	1709657	353790	344848	8912	8943	93.99	1769259	5295158	0.50	0.17	1	-1	seq01	seq1	
1699638	1700746	355023	353913	1109	1111	95.86	1769259	5295158	0.06	0.02	1	-1	seq01	seq1	
1692521	1699582	362571	355518	7062	7054	95.75	1769259	5295158	0.40	0.13	1	-1	seq01	seq1	
1680814	1692357	377884	366331	11544	11554	95.19	1769259	5295158	0.65	0.22	1	-1	seq01	seq1	
1678051	1680728	380681	378004	2678	2678	94.96	1769259	5295158	0.15	0.05	1	-1	seq01	seq1	
1674570	1676683	390762	388731	2114	2032	91.12	1769259	5295158	0.12	0.04	1	-1	seq01	seq1	
1662073	1674575	403441	390912	12503	12530	95.83	1769259	5295158	0.71	0.24	1	-1	seq01	seq1	
1645881	1662017	420597	404688	16137	15910	92.75	1769259	5295158	0.91	0.30	1	-1	seq01	seq1	
1638028	1645533	428658	421197	7506	7462	92.08	1769259	5295158	0.42	0.14	1	-1	seq01	seq1	
1637365	1638026	429664	429003	662	662	94.11	1769259	5295158	0.04	0.01	1	-1	seq01	seq1	
1609153	1635343	459271	433155	26191	26117	95.35	1769259	5295158	1.48	0.49	1	-1	seq01	seq1	
1606363	1608982	462086	459470	2620	2617	97.33	1769259	5295158	0.15	0.05	1	-1	seq01	seq1	
1605740	1606292	462545	461993	553	553	93.49	1769259	5295158	0.03	0.01	1	-1	seq01	seq1	
1604480	1605748	464734	463484	1269	1251	95.67	1769259	5295158	0.07	0.02	1	-1	seq01	seq1	
1603864	1604478	465458	464844	615	615	91.71	1769259	5295158	0.03	0.01	1	-1	seq01	seq1	
1603361	1603874	465784	465286	514	499	86.85	1769259	5295158	0.03	0.01	1	-1	seq01	seq1	
1598671	1603143	470099	465627	4473	4473	97.68	1769259	5295158	0.25	0.08	1	-1	seq01	seq1	
1597975	1598572	473143	472546	598	598	95.66	1769259	5295158	0.03	0.01	1	-1	seq01	seq1	
1593479	1597947	478106	473638	4469	4469	95.35	1769259	5295158	0.25	0.08	1	-1	seq01	seq1	
1591262	1593374	480415	478308	2113	2108	95.08	1769259	5295158	0.12	0.04	1	-1	seq01	seq1	
1589041	1590928	482304	480421	1888	1884	93.07	1769259	5295158	0.11	0.04	1	-1	seq01	seq1	
1585584	1585910	493162	492833	327	330	86.67	1769259	5295158	0.02	0.01	1	-1	seq01	seq1	
1580878	1585497	498692	494074	4620	4619	95.08	1769259	5295158	0.26	0.09	1	-1	seq01	seq1	
1577187	1580880	502812	499116	3694	3697	96.75	1769259	5295158	0.21	0.07	1	-1	seq01	seq1	
1550515	1577221	530836	504172	26707	26665	96.28	1769259	5295158	1.51	0.50	1	-1	seq01	seq1	
1543418	1549993	537511	530934	6576	6578	95.48	1769259	5295158	0.37	0.12	1	-1	seq01	seq1	
1536404	1542719	545302	538981	6316	6322	95.83	1769259	5295158	0.36	0.12	1	-1	seq01	seq1	
1522529	1536398	560074	546283	13870	13792	96.77	1769259	5295158	0.78	0.26	1	-1	seq01	seq1	
1514964	1522367	567627	560225	7404	7403	97.57	1769259	5295158	0.42	0.14	1	-1	seq01	seq1	
1491488	1514830	591087	567747	23343	23341	97.34	1769259	5295158	1.32	0.44	1	-1	seq01	seq1	
1480619	1489196	600385	591863	8578	8523	96.20	1769259	5295158	0.48	0.16	1	-1	seq01	seq1	
1469178	1480591	618558	607140	11414	11419	96.94	1769259	5295158	0.65	0.22	1	-1	seq01	seq1	
1463505	1469164	624251	618512	5660	5740	93.73	1769259	5295158	0.32	0.11	1	-1	seq01	seq1	
1453206	1461514	632655	624346	8309	8310	95.61	1769259	5295158	0.47	0.16	1	-1	seq01	seq1	
1427310	1450044	655732	632873	22735	22860	95.69	1769259	5295158	1.29	0.43	1	-1	seq01	seq1	
1365858	1414939	706308	657154	49082	49155	96.77	1769259	5295158	2.77	0.93	1	-1	seq01	seq1	
1352023	1365858	720304	706463	13836	13842	94.90	1769259	5295158	0.78	0.26	1	-1	seq01	seq1	
1350828	1351875	721363	720304	1048	1060	94.15	1769259	5295158	0.06	0.02	1	-1	seq01	seq1	
1350759	1351027	721627	721359	269	269	91.45	1769259	5295158	0.02	0.01	1	-1	seq01	seq1	
1324218	1350759	748273	721735	26542	26539	96.50	1769259	5295158	1.50	0.50	1	-1	seq01	seq1	
1323257	1324213	749380	748426	957	955	95.82	1769259	5295158	0.05	0.02	1	-1	seq01	seq1	
1322348	1323135	750461	749676	788	786	90.86	1769259	5295158	0.04	0.01	1	-1	seq01	seq1	
1278640	1322331	795793	752070	43692	43724	95.98	1769259	5295158	2.47	0.83	1	-1	seq01	seq1	
1269328	1278637	807092	797768	9310	9325	94.81	1769259	5295158	0.53	0.18	1	-1	seq01	seq1	
1268538	1268997	807879	807423	460	457	84.02	1769259	5295158	0.03	0.01	1	-1	seq01	seq1	
1259951	1267482	816315	808767	7532	7549	96.85	1769259	5295158	0.43	0.14	1	-1	seq01	seq1	
1239846	1259954	836558	816463	20109	20096	96.39	1769259	5295158	1.14	0.38	1	-1	seq01	seq1	
1182146	1239847	894408	836706	57702	57703	96.37	1769259	5295158	3.26	1.09	1	-1	seq01	seq1	
1178379	1181696	897720	894404	3318	3317	97.14	1769259	5295158	0.19	0.06	1	-1	seq01	seq1	
1171719	1178394	914635	907945	6676	6691	95.43	1769259	5295158	0.38	0.13	1	-1	seq01	seq1	
1156908	1171696	930995	916201	14789	14795	96.11	1769259	5295158	0.84	0.28	1	-1	seq01	seq1	
1154392	1156909	934144	931636	2518	2509	97.93	1769259	5295158	0.14	0.05	1	-1	seq01	seq1	
1124032	1154390	965590	935226	30359	30365	96.74	1769259	5295158	1.72	0.57	1	-1	seq01	seq1	
1110644	1123873	982343	969120	13230	13224	97.58	1769259	5295158	0.75	0.25	1	-1	seq01	seq1	
1100775	1110647	992939	983055	9873	9885	96.55	1769259	5295158	0.56	0.19	1	-1	seq01	seq1	
1046829	1100642	1050896	997059	53814	53838	95.81	1769259	5295158	3.04	1.02	1	-1	seq01	seq1	
1015245	1045694	1083411	1053011	30450	30401	96.50	1769259	5295158	1.72	0.57	1	-1	seq01	seq1	
1002202	1014905	1097263	1084557	12704	12707	94.47	1769259	5295158	0.72	0.24	1	-1	seq01	seq1	
975987	1001273	1122956	1097610	25287	25347	95.95	1769259	5295158	1.43	0.48	1	-1	seq01	seq1	
975226	975918	1124360	1123669	693	692	91.05	1769259	5295158	0.04	0.01	1	-1	seq01	seq1	
944199	975216	1157112	1126057	31018	31056	97.13	1769259	5295158	1.75	0.59	1	-1	seq01	seq1	
930681	944199	1170751	1157232	13519	13520	97.37	1769259	5295158	0.76	0.26	1	-1	seq01	seq1	
918422	930328	1183012	1171101	11907	11912	95.99	1769259	5295158	0.67	0.22	1	-1	seq01	seq1	
912316	917166	1187886	1183031	4851	4856	96.44	1769259	5295158	0.27	0.09	1	-1	seq01	seq1	
906565	912326	1193712	1187949	5762	5764	96.74	1769259	5295158	0.33	0.11	1	-1	seq01	seq1	
816448	862469	1239729	1193700	46022	46030	97.16	1769259	5295158	2.60	0.87	1	-1	seq01	seq1	
811817	815833	1243733	1239720	4017	4014	92.32	1769259	5295158	0.23	0.08	1	-1	seq01	seq1	
732159	811591	1324550	1245147	79433	79404	97.64	1769259	5295158	4.49	1.50	1	-1	seq01	seq1	
708068	732167	1354687	1330548	24100	24140	93.96	1769259	5295158	1.36	0.46	1	-1	seq01	seq1	
692213	707739	1370272	1354689	15527	15584	97.45	1769259	5295158	0.88	0.29	1	-1	seq01	seq1	
686503	692111	1377573	1372047	5609	5527	95.99	1769259	5295158	0.32	0.10	1	-1	seq01	seq1	
674656	686402	1389604	1377703	11747	11902	93.04	1769259	5295158	0.66	0.22	1	-1	seq01	seq1	
669584	674663	1396883	1391791	5080	5093	92.23	1769259	5295158	0.29	0.10	1	-1	seq01	seq1	
668208	669602	1399288	1397894	1395	1395	84.64	1769259	5295158	0.08	0.03	1	-1	seq01	seq1	
664899	667842	1406204	1403260	2944	2945	94.13	1769259	5295158	0.17	0.06	1	-1	seq01	seq1	
650784	664167	1419732	1406355	13384	13378	93.14	1769259	5295158	0.76	0.25	1	-1	seq01	seq1	
647903	650778	1422778	1419904	2876	2875	96.77	1769259	5295158	0.16	0.05	1	-1	seq01	seq1	
643973	647916	1427182	1423325	3944	3858	93.46	1769259	5295158	0.22	0.07	1	-1	seq01	seq1	
632508	643870	1438573	1427182	11363	11392	95.70	1769259	5295158	0.64	0.22	1	-1	seq01	seq1	
624014	632255	1447989	1439762	8242	8228	95.43	1769259	5295158	0.47	0.16	1	-1	seq01	seq1	
564359	573420	1460523	1451463	9062	9061	95.36	1769259	5295158	0.51	0.17	1	-1	seq01	seq1	
547408	563053	1476161	1460524	15646	15638	96.32	1769259	5295158	0.88	0.30	1	-1	seq01	seq1	
541718	547362	1486503	1480870	5645	5634	93.61	1769259	5295158	0.32	0.11	1	-1	seq01	seq1	
538053	540397	1490159	1487824	2345	2336	81.77	1769259	5295158	0.13	0.04	1	-1	seq01	seq1	
523522	537015	1504754	1491181	13494	13574	93.46	1769259	5295158	0.76	0.26	1	-1	seq01	seq1	
515050	523453	1513724	1505322	8404	8403	93.38	1769259	5295158	0.48	0.16	1	-1	seq01	seq1	
512165	514445	1516042	1513829	2281	2214	90.03	1769259	5295158	0.13	0.04	1	-1	seq01	seq1	
510693	512160	1517658	1516191	1468	1468	92.11	1769259	5295158	0.08	0.03	1	-1	seq01	seq1	
502485	510699	1528196	1519982	8215	8215	92.80	1769259	5295158	0.46	0.16	1	-1	seq01	seq1	
478413	502486	1553243	1529168	24074	24076	96.26	1769259	5295158	1.36	0.45	1	-1	seq01	seq1	
472795	478414	1560459	1554837	5620	5623	94.24	1769259	5295158	0.32	0.11	1	-1	seq01	seq1	
469250	471338	1562538	1560454	2089	2085	92.49	1769259	5295158	0.12	0.04	1	-1	seq01	seq1	
467300	469132	1564479	1562646	1833	1834	87.04	1769259	5295158	0.10	0.03	1	-1	seq01	seq1	
463563	465223	1569548	1567888	1661	1661	92.66	1769259	5295158	0.09	0.03	1	-1	seq01	seq1	
457644	463581	1575883	1569946	5938	5938	96.20	1769259	5295158	0.34	0.11	1	-1	seq01	seq1	
453705	457560	1581704	1577850	3856	3855	92.46	1769259	5295158	0.22	0.07	1	-1	seq01	seq1	
437720	453705	1597859	1581857	15986	16003	94.17	1769259	5295158	0.90	0.30	1	-1	seq01	seq1	
422944	437727	1612790	1598004	14784	14787	93.12	1769259	5295158	0.84	0.28	1	-1	seq01	seq1	
420594	422968	1615536	1613162	2375	2375	92.21	1769259	5295158	0.13	0.04	1	-1	seq01	seq1	
415338	420552	1622222	1617009	5215	5214	94.90	1769259	5295158	0.29	0.10	1	-1	seq01	seq1	
411636	415226	1626191	1622598	3591	3594	94.99	1769259	5295158	0.20	0.07	1	-1	seq01	seq1	
410586	411485	1629796	1628897	900	900	92.78	1769259	5295158	0.05	0.02	1	-1	seq01	seq1	
405627	410487	1638767	1633914	4861	4854	93.48	1769259	5295158	0.27	0.09	1	-1	seq01	seq1	
396513	397089	1649079	1648503	577	577	97.23	1769259	5295158	0.03	0.01	1	-1	seq01	seq1	
392346	396490	1655808	1651662	4145	4147	92.79	1769259	5295158	0.23	0.08	1	-1	seq01	seq1	
387568	390729	1660721	1657561	3162	3161	93.96	1769259	5295158	0.18	0.06	1	-1	seq01	seq1	
385603	387441	1662717	1660879	1839	1839	92.45	1769259	5295158	0.10	0.03	1	-1	seq01	seq1	
376894	383410	1669322	1662725	6517	6598	92.84	1769259	5295158	0.37	0.12	1	-1	seq01	seq1	
372214	376851	1679471	1674847	4638	4625	94.09	1769259	5295158	0.26	0.09	1	-1	seq01	seq1	
364337	371506	1687588	1680430	7170	7159	92.38	1769259	5295158	0.41	0.14	1	-1	seq01	seq1	
363149	364273	1689920	1688786	1125	1135	89.16	1769259	5295158	0.06	0.02	1	-1	seq01	seq1	
361797	362947	1691284	1690143	1151	1142	90.98	1769259	5295158	0.07	0.02	1	-1	seq01	seq1	
355764	360541	1696081	1691290	4778	4792	93.14	1769259	5295158	0.27	0.09	1	-1	seq01	seq1	
350880	353918	1699168	1696141	3039	3028	94.80	1769259	5295158	0.17	0.06	1	-1	seq01	seq1	
346505	348669	1702040	1699881	2165	2160	92.34	1769259	5295158	0.12	0.04	1	-1	seq01	seq1	
343422	346280	1705073	1702216	2859	2858	96.08	1769259	5295158	0.16	0.05	1	-1	seq01	seq1	
339780	343359	1710905	1707328	3580	3578	95.56	1769259	5295158	0.20	0.07	1	-1	seq01	seq1	
335558	339783	1715860	1711636	4226	4225	93.05	1769259	5295158	0.24	0.08	1	-1	seq01	seq1	
333510	334787	1717175	1715866	1278	1310	88.43	1769259	5295158	0.07	0.02	1	-1	seq01	seq1	
325286	333509	1725637	1717321	8224	8317	90.35	1769259	5295158	0.46	0.16	1	-1	seq01	seq1	
319875	322885	1729489	1726439	3011	3051	91.27	1769259	5295158	0.17	0.06	1	-1	seq01	seq1	
310056	319938	1739520	1729612	9883	9909	95.76	1769259	5295158	0.56	0.19	1	-1	seq01	seq1	
304229	310057	1746010	1740272	5829	5739	90.66	1769259	5295158	0.33	0.11	1	-1	seq01	seq1	
303572	304029	1747070	1746613	458	458	92.14	1769259	5295158	0.03	0.01	1	-1	seq01	seq1	
297619	299592	1749068	1747093	1974	1976	93.57	1769259	5295158	0.11	0.04	1	-1	seq01	seq1	
296079	296967	1749960	1749066	889	895	90.52	1769259	5295158	0.05	0.02	1	-1	seq01	seq1	
292040	296003	1753755	1749791	3964	3965	93.79	1769259	5295158	0.22	0.07	1	-1	seq01	seq1	
290654	291460	1755626	1754862	807	765	89.22	1769259	5295158	0.05	0.01	1	-1	seq01	seq1	
285020	285883	1756712	1755851	864	862	93.87	1769259	5295158	0.05	0.02	1	-1	seq01	seq1	
277748	278972	1758130	1756913	1225	1218	92.44	1769259	5295158	0.07	0.02	1	-1	seq01	seq1	
264863	275496	1768944	1758251	10634	10694	92.64	1769259	5295158	0.60	0.20	1	-1	seq01	seq1	
262358	264722	1771313	1768949	2365	2365	92.44	1769259	5295158	0.13	0.04	1	-1	seq01	seq1	
257716	262205	1781766	1777234	4490	4533	94.89	1769259	5295158	0.25	0.09	1	-1	seq01	seq1	
254379	257207	1784581	1781756	2829	2826	92.76	1769259	5295158	0.16	0.05	1	-1	seq01	seq1	
251826	254319	1792342	1789850	2494	2493	94.03	1769259	5295158	0.14	0.05	1	-1	seq01	seq1	
244965	250567	1798408	1792809	5603	5600	95.20	1769259	5295158	0.32	0.11	1	-1	seq01	seq1	
242103	243688	1800320	1798735	1586	1586	95.34	1769259	5295158	0.09	0.03	1	-1	seq01	seq1	
236759	241741	1805294	1800317	4983	4978	93.39	1769259	5295158	0.28	0.09	1	-1	seq01	seq1	
235525	236591	1806416	1805350	1067	1067	91.01	1769259	5295158	0.06	0.02	1	-1	seq01	seq1	
230243	235529	1811851	1806562	5287	5290	94.73	1769259	5295158	0.30	0.10	1	-1	seq01	seq1	
223879	230219	1819951	1813611	6341	6341	92.77	1769259	5295158	0.36	0.12	1	-1	seq01	seq1	
220354	222699	1823284	1820938	2346	2347	93.57	1769259	5295158	0.13	0.04	1	-1	seq01	seq1	
194399	220159	1854454	1828649	25761	25806	94.10	1769259	5295158	1.46	0.49	1	-1	seq01	seq1	
192868	194253	1856252	1854867	1386	1386	95.53	1769259	5295158	0.08	0.03	1	-1	seq01	seq1	
190439	191603	1860460	1859298	1165	1163	94.94	1769259	5295158	0.07	0.02	1	-1	seq01	seq1	
188828	190162	1862055	1860697	1335	1359	91.03	1769259	5295158	0.08	0.03	1	-1	seq01	seq1	
183192	188675	1868632	1863094	5484	5539	91.00	1769259	5295158	0.31	0.10	1	-1	seq01	seq1	
179682	181201	1875893	1874375	1520	1519	95.66	1769259	5295158	0.09	0.03	1	-1	seq01	seq1	
173765	177512	1879625	1875875	3748	3751	93.82	1769259	5295158	0.21	0.07	1	-1	seq01	seq1	
128276	130287	1882712	1880704	2012	2009	92.66	1769259	5295158	0.11	0.04	1	-1	seq01	seq1	
121465	122582	1884382	1883266	1118	1117	93.11	1769259	5295158	0.06	0.02	1	-1	seq01	seq1	
109631	118922	1893624	1884379	9292	9246	93.16	1769259	5295158	0.53	0.17	1	-1	seq01	seq1	
102648	102740	1896338	1896246	93	93	98.92	1769259	5295158	0.01	0.00	1	-1	seq01	seq1	
96176	102652	1902958	1896486	6477	6473	93.34	1769259	5295158	0.37	0.12	1	-1	seq01	seq1	
89731	96056	1909391	1903056	6326	6336	91.48	1769259	5295158	0.36	0.12	1	-1	seq01	seq1	
82535	88879	1916944	1910587	6345	6358	93.15	1769259	5295158	0.36	0.12	1	-1	seq01	seq1	
80688	81019	1919473	1919142	332	332	93.37	1769259	5295158	0.02	0.01	1	-1	seq01	seq1	
80055	80241	1919793	1919607	187	187	96.79	1769259	5295158	0.01	0.00	1	-1	seq01	seq1	
68837	73163	1925043	1920715	4327	4329	93.53	1769259	5295158	0.24	0.08	1	-1	seq01	seq1	
67439	68817	1927533	1926153	1379	1381	93.78	1769259	5295158	0.08	0.03	1	-1	seq01	seq1	
36658	37959	1933900	1932565	1302	1336	89.98	95020	5295158	1.37	0.03	1	-1	seq10	seq1	
58966	62328	1940620	1937270	3363	3351	89.37	1769259	5295158	0.19	0.06	1	-1	seq01	seq1	
56505	58256	1942408	1940665	1752	1744	84.66	1769259	5295158	0.10	0.03	1	-1	seq01	seq1	
52088	53125	1949845	1948808	1038	1038	91.04	1769259	5295158	0.06	0.02	1	-1	seq01	seq1	
50281	52054	1959268	1957504	1774	1765	92.48	1769259	5295158	0.10	0.03	1	-1	seq01	seq1	
44088	49897	1969760	1963987	5810	5774	91.07	1769259	5295158	0.33	0.11	1	-1	seq01	seq1	
40602	43936	1978299	1974947	3335	3353	91.16	1769259	5295158	0.19	0.06	1	-1	seq01	seq1	
36942	40529	1984305	1980782	3588	3524	93.72	1769259	5295158	0.20	0.07	1	-1	seq01	seq1	
29538	36946	1991864	1984404	7409	7461	93.76	1769259	5295158	0.42	0.14	1	-1	seq01	seq1	
21249	27274	1998095	1992075	6026	6021	96.95	1769259	5295158	0.34	0.11	1	-1	seq01	seq1	
12274	21050	2006893	1998112	8777	8782	96.36	1769259	5295158	0.50	0.17	1	-1	seq01	seq1	
10605	12274	2008735	2007064	1670	1672	97.19	1769259	5295158	0.09	0.03	1	-1	seq01	seq1	
6493	7446	2009894	2008953	954	942	94.13	1769259	5295158	0.05	0.02	1	-1	seq01	seq1	
2425	4795	2012272	2009902	2371	2371	96.67	1769259	5295158	0.13	0.04	1	-1	seq01	seq1	
2081	2580	2029625	2029126	500	500	94.41	1769259	5295158	0.03	0.01	1	-1	seq01	seq1	
1	1982	2031750	2029768	1982	1983	97.18	1769259	5295158	0.11	0.04	1	-1	seq01	seq1	
149	1054	2033150	2034053	906	904	95.70	35540	5295158	2.55	0.02	1	1	seq16	seq1	
2445	5446	2034217	2037237	3002	3021	93.42	35540	5295158	8.45	0.06	1	1	seq16	seq1	
12134	13210	2037429	2038508	1077	1080	90.76	35540	5295158	3.03	0.02	1	1	seq16	seq1	
13378	20291	2039491	2046403	6914	6913	93.58	35540	5295158	19.45	0.13	1	1	seq16	seq1	
20324	21717	2048432	2049825	1394	1394	91.19	35540	5295158	3.92	0.03	1	1	seq16	seq1	
21720	25356	2049949	2053560	3637	3612	92.90	35540	5295158	10.23	0.07	1	1	seq16	seq1	
25414	26677	2054374	2055637	1264	1264	95.33	35540	5295158	3.56	0.02	1	1	seq16	seq1	
26816	29012	2055743	2057859	2197	2117	90.81	35540	5295158	6.18	0.04	1	1	seq16	seq1	
29024	34782	2058021	2063779	5759	5759	94.22	35540	5295158	16.20	0.11	1	1	seq16	seq1	
942761	943422	2064438	2063777	662	662	93.05	944352	5295158	0.07	0.01	1	-1	seq02	seq1	
936903	942749	2070632	2064827	5847	5806	94.39	944352	5295158	0.62	0.11	1	-1	seq02	seq1	
935495	936653	2072863	2071705	1159	1159	91.39	944352	5295158	0.12	0.02	1	-1	seq02	seq1	
922893	934958	2085932	2073920	12066	12013	94.01	944352	5295158	1.28	0.23	1	-1	seq02	seq1	
914727	921524	2092755	2085950	6798	6806	93.10	944352	5295158	0.72	0.13	1	-1	seq02	seq1	
909839	910912	2094990	2093918	1074	1073	89.02	944352	5295158	0.11	0.02	1	-1	seq02	seq1	
902012	906793	2100922	2096076	4782	4847	90.44	944352	5295158	0.51	0.09	1	-1	seq02	seq1	
898401	901890	2108757	2105269	3490	3489	93.21	944352	5295158	0.37	0.07	1	-1	seq02	seq1	
891306	898324	2115896	2108904	7019	6993	92.70	944352	5295158	0.74	0.13	1	-1	seq02	seq1	
874338	882693	2124380	2116045	8356	8336	94.36	944352	5295158	0.88	0.16	1	-1	seq02	seq1	
869702	874261	2129643	2125075	4560	4569	91.91	944352	5295158	0.48	0.09	1	-1	seq02	seq1	
867835	869555	2131512	2129805	1721	1708	87.92	944352	5295158	0.18	0.03	1	-1	seq02	seq1	
851930	867785	2150187	2134297	15856	15891	94.30	944352	5295158	1.68	0.30	1	-1	seq02	seq1	
850544	851088	2150882	2150338	545	545	91.93	944352	5295158	0.06	0.01	1	-1	seq02	seq1	
838230	850317	2164489	2152405	12088	12085	94.46	944352	5295158	1.28	0.23	1	-1	seq02	seq1	
832255	835290	2168016	2164870	3036	3147	85.02	944352	5295158	0.32	0.06	1	-1	seq02	seq1	
820551	832252	2180307	2168568	11702	11740	94.94	944352	5295158	1.24	0.22	1	-1	seq02	seq1	
814922	820548	2185932	2180413	5627	5520	91.46	944352	5295158	0.60	0.10	1	-1	seq02	seq1	
813463	814849	2187575	2186191	1387	1385	95.29	944352	5295158	0.15	0.03	1	-1	seq02	seq1	
808641	813536	2196558	2191652	4896	4907	96.45	944352	5295158	0.52	0.09	1	-1	seq02	seq1	
806797	807796	2202077	2201081	1000	997	95.10	944352	5295158	0.11	0.02	1	-1	seq02	seq1	
799495	806181	2210351	2203662	6687	6690	92.70	944352	5295158	0.71	0.13	1	-1	seq02	seq1	
795332	799020	2214069	2210367	3689	3703	92.47	944352	5295158	0.39	0.07	1	-1	seq02	seq1	
784745	793076	2223126	2214799	8332	8328	93.91	944352	5295158	0.88	0.16	1	-1	seq02	seq1	
783264	784744	2225520	2224038	1481	1483	91.11	944352	5295158	0.16	0.03	1	-1	seq02	seq1	
782183	782722	2226605	2226062	540	544	88.28	944352	5295158	0.06	0.01	1	-1	seq02	seq1	
778441	781155	2229949	2227235	2715	2715	94.26	944352	5295158	0.29	0.05	1	-1	seq02	seq1	
776048	778430	2232683	2230300	2383	2384	94.59	944352	5295158	0.25	0.05	1	-1	seq02	seq1	
771112	775384	2237663	2233389	4273	4275	94.17	944352	5295158	0.45	0.08	1	-1	seq02	seq1	
769392	771117	2239913	2238168	1726	1746	87.61	944352	5295158	0.18	0.03	1	-1	seq02	seq1	
761971	769280	2247319	2240013	7310	7307	91.52	944352	5295158	0.77	0.14	1	-1	seq02	seq1	
760509	760938	2252356	2251927	430	430	90.93	944352	5295158	0.05	0.01	1	-1	seq02	seq1	
759395	760429	2256243	2255210	1035	1034	95.75	944352	5295158	0.11	0.02	1	-1	seq02	seq1	
754336	759164	2262942	2258107	4829	4836	93.28	944352	5295158	0.51	0.09	1	-1	seq02	seq1	
746344	753392	2269990	2262954	7049	7037	91.73	944352	5295158	0.75	0.13	1	-1	seq02	seq1	
745597	746258	2270909	2270243	662	667	88.52	944352	5295158	0.07	0.01	1	-1	seq02	seq1	
739604	745027	2277403	2271991	5424	5413	94.21	944352	5295158	0.57	0.10	1	-1	seq02	seq1	
722542	739085	2295525	2278974	16544	16552	93.69	944352	5295158	1.75	0.31	1	-1	seq02	seq1	
716094	722450	2302281	2295941	6357	6341	92.83	944352	5295158	0.67	0.12	1	-1	seq02	seq1	
699093	715918	2320213	2303310	16826	16904	93.52	944352	5295158	1.78	0.32	1	-1	seq02	seq1	
698294	698972	2321196	2320516	679	681	89.90	944352	5295158	0.07	0.01	1	-1	seq02	seq1	
696974	697196	2321411	2321189	223	223	94.62	944352	5295158	0.02	0.00	1	-1	seq02	seq1	
696434	696976	2322530	2321988	543	543	90.44	944352	5295158	0.06	0.01	1	-1	seq02	seq1	
695088	695506	2322947	2322529	419	419	92.84	944352	5295158	0.04	0.01	1	-1	seq02	seq1	
686917	694966	2333148	2325049	8050	8100	93.24	944352	5295158	0.85	0.15	1	-1	seq02	seq1	
685457	686288	2334893	2334062	832	832	89.56	944352	5295158	0.09	0.02	1	-1	seq02	seq1	
684508	685017	2335875	2335366	510	510	91.98	944352	5295158	0.05	0.01	1	-1	seq02	seq1	
675960	684174	2344835	2336619	8215	8217	93.88	944352	5295158	0.87	0.16	1	-1	seq02	seq1	
673597	673756	2345338	2345179	160	160	87.50	944352	5295158	0.02	0.00	1	-1	seq02	seq1	
667679	673248	2351021	2345445	5570	5577	93.19	944352	5295158	0.59	0.11	1	-1	seq02	seq1	
661812	666429	2355634	2351019	4618	4616	94.48	944352	5295158	0.49	0.09	1	-1	seq02	seq1	
657479	661696	2360551	2356317	4218	4235	94.71	944352	5295158	0.45	0.08	1	-1	seq02	seq1	
653572	655597	2364756	2362729	2026	2028	94.39	944352	5295158	0.21	0.04	1	-1	seq02	seq1	
652467	653529	2365813	2364752	1063	1062	95.01	944352	5295158	0.11	0.02	1	-1	seq02	seq1	
647053	652301	2372089	2366828	5249	5262	93.84	944352	5295158	0.56	0.10	1	-1	seq02	seq1	
646389	646875	2373451	2372964	487	488	89.55	944352	5295158	0.05	0.01	1	-1	seq02	seq1	
639425	644555	2378604	2373473	5131	5132	93.56	944352	5295158	0.54	0.10	1	-1	seq02	seq1	
620396	627030	2386333	2379755	6635	6579	92.74	944352	5295158	0.70	0.12	1	-1	seq02	seq1	
608485	620317	2398389	2386593	11833	11797	93.20	944352	5295158	1.25	0.22	1	-1	seq02	seq1	
605558	608235	2401078	2398397	2678	2682	93.19	944352	5295158	0.28	0.05	1	-1	seq02	seq1	
601388	603273	2403434	2401546	1886	1889	92.01	944352	5295158	0.20	0.04	1	-1	seq02	seq1	
596849	600455	2407070	2403464	3607	3607	95.93	944352	5295158	0.38	0.07	1	-1	seq02	seq1	
596002	596848	2408110	2407264	847	847	94.34	944352	5295158	0.09	0.02	1	-1	seq02	seq1	
592020	595775	2412061	2408330	3756	3732	91.89	944352	5295158	0.40	0.07	1	-1	seq02	seq1	
591259	592018	2413197	2412435	760	763	93.05	944352	5295158	0.08	0.01	1	-1	seq02	seq1	
582940	591259	2422490	2414001	8320	8490	92.62	944352	5295158	0.88	0.16	1	-1	seq02	seq1	
581559	582850	2424196	2422906	1292	1291	84.52	944352	5295158	0.14	0.02	1	-1	seq02	seq1	
580093	581518	2428557	2427158	1426	1400	92.64	944352	5295158	0.15	0.03	1	-1	seq02	seq1	
573970	576112	2430814	2428657	2143	2158	94.72	944352	5295158	0.23	0.04	1	-1	seq02	seq1	
570967	573959	2433943	2430962	2993	2982	90.53	944352	5295158	0.32	0.06	1	-1	seq02	seq1	
565050	569149	2438881	2434822	4100	4060	92.08	944352	5295158	0.43	0.08	1	-1	seq02	seq1	
563853	564912	2440954	2439897	1060	1058	89.08	944352	5295158	0.11	0.02	1	-1	seq02	seq1	
554797	563711	2452682	2443766	8915	8917	93.35	944352	5295158	0.94	0.17	1	-1	seq02	seq1	
542245	552483	2463062	2452839	10239	10224	94.41	944352	5295158	1.08	0.19	1	-1	seq02	seq1	
541091	542179	2464676	2463587	1089	1090	86.54	944352	5295158	0.12	0.02	1	-1	seq02	seq1	
535841	540961	2469873	2464700	5121	5174	93.59	944352	5295158	0.54	0.10	1	-1	seq02	seq1	
514120	532406	2496434	2478088	18287	18347	93.83	944352	5295158	1.94	0.35	1	-1	seq02	seq1	
513915	514104	2498544	2498355	190	190	96.84	944352	5295158	0.02	0.00	1	-1	seq02	seq1	
510475	513760	2502839	2499544	3286	3296	94.94	944352	5295158	0.35	0.06	1	-1	seq02	seq1	
509827	510169	2504022	2503681	343	342	90.72	944352	5295158	0.04	0.01	1	-1	seq02	seq1	
501827	508091	2513269	2507013	6265	6257	93.73	944352	5295158	0.66	0.12	1	-1	seq02	seq1	
500619	501575	2517927	2516971	957	957	88.41	944352	5295158	0.10	0.02	1	-1	seq02	seq1	
499899	500553	2519733	2519080	655	654	86.43	944352	5295158	0.07	0.01	1	-1	seq02	seq1	
498495	499897	2521258	2519856	1403	1403	91.23	944352	5295158	0.15	0.03	1	-1	seq02	seq1	
491140	491670	2522058	2521527	531	532	85.34	944352	5295158	0.06	0.01	1	-1	seq02	seq1	
489473	490153	2522946	2522268	681	679	92.36	944352	5295158	0.07	0.01	1	-1	seq02	seq1	
483165	489305	2529220	2523037	6141	6184	90.58	944352	5295158	0.65	0.12	1	-1	seq02	seq1	
476757	483165	2535740	2529330	6409	6411	93.05	944352	5295158	0.68	0.12	1	-1	seq02	seq1	
463098	476242	2550560	2537428	13145	13133	95.70	944352	5295158	1.39	0.25	1	-1	seq02	seq1	
420384	427351	2558300	2551325	6968	6976	93.44	944352	5295158	0.74	0.13	1	-1	seq02	seq1	
419582	420243	2576589	2575928	662	662	91.69	944352	5295158	0.07	0.01	1	-1	seq02	seq1	
416480	419585	2580977	2577856	3106	3122	95.01	944352	5295158	0.33	0.06	1	-1	seq02	seq1	
403031	415381	2593075	2580731	12351	12345	91.61	944352	5295158	1.31	0.23	1	-1	seq02	seq1	
400989	402799	2595625	2593808	1811	1818	93.14	944352	5295158	0.19	0.03	1	-1	seq02	seq1	
398127	400988	2598712	2595840	2862	2873	93.25	944352	5295158	0.30	0.05	1	-1	seq02	seq1	
397371	398124	2600976	2600222	754	755	89.93	944352	5295158	0.08	0.01	1	-1	seq02	seq1	
396114	396584	2603724	2603252	471	473	90.91	944352	5295158	0.05	0.01	1	-1	seq02	seq1	
380682	396054	2621441	2606093	15373	15349	93.48	944352	5295158	1.63	0.29	1	-1	seq02	seq1	
379620	380690	2624042	2622975	1071	1068	88.07	944352	5295158	0.11	0.02	1	-1	seq02	seq1	
378720	379507	2625000	2624215	788	786	80.96	944352	5295158	0.08	0.01	1	-1	seq02	seq1	
375703	377873	2629880	2627710	2171	2171	92.96	944352	5295158	0.23	0.04	1	-1	seq02	seq1	
363267	375692	2642446	2629998	12426	12449	92.09	944352	5295158	1.32	0.24	1	-1	seq02	seq1	
356234	359463	2645754	2642523	3230	3232	94.37	944352	5295158	0.34	0.06	1	-1	seq02	seq1	
346091	356241	2716633	2706464	10151	10170	93.09	944352	5295158	1.07	0.19	1	-1	seq02	seq1	
341216	345501	2720933	2716658	4286	4276	93.33	944352	5295158	0.45	0.08	1	-1	seq02	seq1	
340042	340502	2721389	2720935	461	455	86.33	944352	5295158	0.05	0.01	1	-1	seq02	seq1	
335519	338924	2727620	2724222	3406	3399	86.51	944352	5295158	0.36	0.06	1	-1	seq02	seq1	
332615	334979	2730034	2727669	2365	2366	93.79	944352	5295158	0.25	0.04	1	-1	seq02	seq1	
329227	332614	2735250	2731867	3388	3384	89.28	944352	5295158	0.36	0.06	1	-1	seq02	seq1	
296023	327891	2767138	2735216	31869	31923	92.68	944352	5295158	3.37	0.60	1	-1	seq02	seq1	
288822	295155	2773489	2767155	6334	6335	95.91	944352	5295158	0.67	0.12	1	-1	seq02	seq1	
273846	288803	2788555	2773626	14958	14930	94.39	944352	5295158	1.58	0.28	1	-1	seq02	seq1	
269831	273848	2794443	2790404	4018	4040	91.90	944352	5295158	0.43	0.08	1	-1	seq02	seq1	
268684	269590	2796484	2795572	907	913	92.00	944352	5295158	0.10	0.02	1	-1	seq02	seq1	
267831	268410	2798073	2797494	580	580	92.41	944352	5295158	0.06	0.01	1	-1	seq02	seq1	
266826	267755	2801680	2800696	930	985	87.11	944352	5295158	0.10	0.02	1	-1	seq02	seq1	
265980	266628	2802329	2801681	649	649	92.62	944352	5295158	0.07	0.01	1	-1	seq02	seq1	
263749	264837	2805701	2804630	1089	1072	87.02	944352	5295158	0.12	0.02	1	-1	seq02	seq1	
261869	262762	2807000	2806110	894	891	92.30	944352	5295158	0.09	0.02	1	-1	seq02	seq1	
261077	261568	2807727	2807257	492	471	88.28	944352	5295158	0.05	0.01	1	-1	seq02	seq1	
238309	252685	2821996	2807624	14377	14373	96.66	944352	5295158	1.52	0.27	1	-1	seq02	seq1	
221702	238103	2838780	2822376	16402	16405	96.55	944352	5295158	1.74	0.31	1	-1	seq02	seq1	
217188	221700	2845210	2840697	4513	4514	93.29	944352	5295158	0.48	0.09	1	-1	seq02	seq1	
217086	217189	2847471	2847368	104	104	97.12	944352	5295158	0.01	0.00	1	-1	seq02	seq1	
216714	217094	2848740	2848359	381	382	89.53	944352	5295158	0.04	0.01	1	-1	seq02	seq1	
209026	216718	2856964	2849248	7693	7717	93.19	944352	5295158	0.81	0.15	1	-1	seq02	seq1	
199959	209029	2866573	2857488	9071	9086	94.45	944352	5295158	0.96	0.17	1	-1	seq02	seq1	
181471	199959	2885982	2867513	18489	18470	95.32	944352	5295158	1.96	0.35	1	-1	seq02	seq1	
166381	181111	2900725	2885996	14731	14730	93.73	944352	5295158	1.56	0.28	1	-1	seq02	seq1	
160130	161572	2902166	2900725	1443	1442	96.12	944352	5295158	0.15	0.03	1	-1	seq02	seq1	
136768	138436	2903859	2902191	1669	1669	92.69	944352	5295158	0.18	0.03	1	-1	seq02	seq1	
124733	136153	2915348	2903976	11421	11373	92.96	944352	5295158	1.21	0.21	1	-1	seq02	seq1	
118997	123921	2920432	2915508	4925	4925	95.70	944352	5295158	0.52	0.09	1	-1	seq02	seq1	
111821	116970	2925674	2920515	5150	5160	95.74	944352	5295158	0.55	0.10	1	-1	seq02	seq1	
109250	109710	2926174	2925715	461	460	93.28	944352	5295158	0.05	0.01	1	-1	seq02	seq1	
105228	109097	2930867	2926998	3870	3870	95.40	944352	5295158	0.41	0.07	1	-1	seq02	seq1	
95010	103315	2939180	2930864	8306	8317	94.32	944352	5295158	0.88	0.16	1	-1	seq02	seq1	
79248	94756	2955649	2940154	15509	15496	94.55	944352	5295158	1.64	0.29	1	-1	seq02	seq1	
70650	77742	2963007	2955825	7093	7183	93.31	944352	5295158	0.75	0.14	1	-1	seq02	seq1	
67002	70636	2969096	2965460	3635	3637	93.16	944352	5295158	0.38	0.07	1	-1	seq02	seq1	
58961	66453	2976624	2969124	7493	7501	96.18	944352	5295158	0.79	0.14	1	-1	seq02	seq1	
55343	56267	2979895	2978971	925	925	95.14	944352	5295158	0.10	0.02	1	-1	seq02	seq1	
42373	55342	2993327	2980380	12970	12948	92.89	944352	5295158	1.37	0.24	1	-1	seq02	seq1	
7598	42373	3032472	2997590	34776	34883	94.86	944352	5295158	3.68	0.66	1	-1	seq02	seq1	
201050	218204	3049677	3032497	17155	17181	94.95	218248	5295158	7.86	0.32	1	-1	seq07	seq1	
199466	200894	3051108	3049680	1429	1429	94.76	218248	5295158	0.65	0.03	1	-1	seq07	seq1	
190216	199542	3062131	3052791	9327	9341	94.58	218248	5295158	4.27	0.18	1	-1	seq07	seq1	
165716	190222	3088094	3063549	24507	24546	94.70	218248	5295158	11.23	0.46	1	-1	seq07	seq1	
161812	165569	3091998	3088246	3758	3753	92.24	218248	5295158	1.72	0.07	1	-1	seq07	seq1	
160754	161810	3093637	3092583	1057	1055	95.65	218248	5295158	0.48	0.02	1	-1	seq07	seq1	
151749	160045	3107766	3099386	8297	8381	93.27	218248	5295158	3.80	0.16	1	-1	seq07	seq1	
149345	151749	3110325	3107862	2405	2464	91.56	218248	5295158	1.10	0.05	1	-1	seq07	seq1	
143263	149150	3121934	3116047	5888	5888	95.79	218248	5295158	2.70	0.11	1	-1	seq07	seq1	
140937	143123	3124234	3122062	2187	2173	92.74	218248	5295158	1.00	0.04	1	-1	seq07	seq1	
133947	140636	3131087	3124365	6690	6723	93.93	218248	5295158	3.07	0.13	1	-1	seq07	seq1	
130247	133855	3136691	3133080	3609	3612	95.16	218248	5295158	1.65	0.07	1	-1	seq07	seq1	
124059	128880	3141546	3136727	4822	4820	92.08	218248	5295158	2.21	0.09	1	-1	seq07	seq1	
121399	122055	3143230	3142574	657	657	97.72	218248	5295158	0.30	0.01	1	-1	seq07	seq1	
118233	121403	3146547	3143378	3171	3170	94.58	218248	5295158	1.45	0.06	1	-1	seq07	seq1	
108890	117137	3154825	3146593	8248	8233	94.48	218248	5295158	3.78	0.16	1	-1	seq07	seq1	
105744	108751	3169978	3166970	3008	3009	93.30	218248	5295158	1.38	0.06	1	-1	seq07	seq1	
96549	103232	3176760	3170060	6684	6701	92.39	218248	5295158	3.06	0.13	1	-1	seq07	seq1	
91382	96529	3182711	3177564	5148	5148	95.30	218248	5295158	2.36	0.10	1	-1	seq07	seq1	
35236	36085	3183697	3182865	850	833	90.98	95020	5295158	0.89	0.02	1	-1	seq10	seq1	
34175	34358	3183897	3183714	184	184	93.48	95020	5295158	0.19	0.00	1	-1	seq10	seq1	
32820	33165	3185269	3184924	346	346	93.93	95020	5295158	0.36	0.01	1	-1	seq10	seq1	
74657	91206	3201814	3185263	16550	16552	93.49	218248	5295158	7.58	0.31	1	-1	seq07	seq1	
67555	69337	3203600	3201806	1783	1795	92.20	218248	5295158	0.82	0.03	1	-1	seq07	seq1	
63278	65560	3205903	3203622	2283	2282	94.96	218248	5295158	1.05	0.04	1	-1	seq07	seq1	
60792	63139	3208426	3206079	2348	2348	93.83	218248	5295158	1.08	0.04	1	-1	seq07	seq1	
46172	60463	3224136	3209819	14292	14318	92.85	218248	5295158	6.55	0.27	1	-1	seq07	seq1	
43940	45243	3225459	3224151	1304	1309	88.45	218248	5295158	0.60	0.02	1	-1	seq07	seq1	
35047	41772	3233024	3226331	6726	6694	93.31	218248	5295158	3.08	0.13	1	-1	seq07	seq1	
25940	35047	3242263	3233177	9108	9087	93.54	218248	5295158	4.17	0.17	1	-1	seq07	seq1	
24569	25921	3245621	3244270	1353	1352	90.84	218248	5295158	0.62	0.03	1	-1	seq07	seq1	
23561	24441	3246600	3245720	881	881	90.58	218248	5295158	0.40	0.02	1	-1	seq07	seq1	
19785	21934	3248897	3246748	2150	2150	90.63	218248	5295158	0.99	0.04	1	-1	seq07	seq1	
17809	19667	3251404	3249522	1859	1883	87.54	218248	5295158	0.85	0.04	1	-1	seq07	seq1	
11048	17159	3258198	3252051	6112	6148	92.51	218248	5295158	2.80	0.12	1	-1	seq07	seq1	
10294	10926	3258828	3258198	633	631	89.61	218248	5295158	0.29	0.01	1	-1	seq07	seq1	
9741	10175	3259360	3258935	435	426	83.52	218248	5295158	0.20	0.01	1	-1	seq07	seq1	
1	9597	3268962	3259361	9597	9602	95.62	218248	5295158	4.40	0.18	1	-1	seq07	seq1	
1	1387	3270222	3268837	1387	1386	97.48	1387	5295158	100.00	0.03	1	-1	seq23	seq1	[CONTAINED]
932769	936758	3274087	3270096	3990	3992	93.60	936758	5295158	0.43	0.08	1	-1	seq03	seq1	
922960	932682	3284880	3275161	9723	9720	92.92	936758	5295158	1.04	0.18	1	-1	seq03	seq1	
921576	922948	3286686	3285316	1373	1371	91.99	936758	5295158	0.15	0.03	1	-1	seq03	seq1	
918978	919673	3287379	3286684	696	696	96.26	936758	5295158	0.07	0.01	1	-1	seq03	seq1	
914066	918980	3293636	3288722	4915	4915	95.20	936758	5295158	0.52	0.09	1	-1	seq03	seq1	
909513	914071	3298416	3293784	4559	4633	93.17	936758	5295158	0.49	0.09	1	-1	seq03	seq1	
908940	909514	3300006	3299432	575	575	94.79	936758	5295158	0.06	0.01	1	-1	seq03	seq1	
898656	908941	3311443	3301088	10286	10356	93.03	936758	5295158	1.10	0.20	1	-1	seq03	seq1	
880065	897885	3330067	3312259	17821	17809	94.66	936758	5295158	1.90	0.34	1	-1	seq03	seq1	
877161	880053	3333999	3331107	2893	2893	94.48	936758	5295158	0.31	0.05	1	-1	seq03	seq1	
875713	877005	3344123	3342830	1293	1294	91.81	936758	5295158	0.14	0.02	1	-1	seq03	seq1	
861111	874642	3359244	3345718	13532	13527	95.20	936758	5295158	1.44	0.26	1	-1	seq03	seq1	
860661	860883	3359955	3359733	223	223	86.22	936758	5295158	0.02	0.00	1	-1	seq03	seq1	
847759	848711	3362355	3361404	953	952	88.58	936758	5295158	0.10	0.02	1	-1	seq03	seq1	
845073	847502	3364926	3362536	2430	2391	90.29	936758	5295158	0.26	0.05	1	-1	seq03	seq1	
834816	844211	3375115	3365704	9396	9412	92.09	936758	5295158	1.00	0.18	1	-1	seq03	seq1	
823542	833624	3386510	3376364	10083	10147	89.57	936758	5295158	1.08	0.19	1	-1	seq03	seq1	
766754	823436	3443324	3386625	56683	56700	92.68	936758	5295158	6.05	1.07	1	-1	seq03	seq1	
761551	766754	3448620	3443477	5204	5144	94.28	936758	5295158	0.56	0.10	1	-1	seq03	seq1	
750435	761430	3459553	3448620	10996	10934	95.02	936758	5295158	1.17	0.21	1	-1	seq03	seq1	
731385	749048	3477315	3459600	17664	17716	95.68	936758	5295158	1.89	0.33	1	-1	seq03	seq1	
675428	731202	3533229	3477498	55775	55732	95.41	936758	5295158	5.95	1.05	1	-1	seq03	seq1	
649686	675266	3558786	3533254	25581	25533	94.83	936758	5295158	2.73	0.48	1	-1	seq03	seq1	
588031	649660	3621012	3559244	61630	61769	95.04	936758	5295158	6.58	1.17	1	-1	seq03	seq1	
561096	587989	3648292	3621409	26894	26884	94.48	936758	5295158	2.87	0.51	1	-1	seq03	seq1	
560736	561095	3649028	3648669	360	360	97.50	936758	5295158	0.04	0.01	1	-1	seq03	seq1	
492571	559630	3716096	3649032	67060	67065	95.70	936758	5295158	7.16	1.27	1	-1	seq03	seq1	
488260	492353	3720413	3716324	4094	4090	96.21	936758	5295158	0.44	0.08	1	-1	seq03	seq1	
486483	487065	3721076	3720494	583	583	86.86	936758	5295158	0.06	0.01	1	-1	seq03	seq1	
471546	483844	3734738	3722448	12299	12291	95.29	936758	5295158	1.31	0.23	1	-1	seq03	seq1	
468286	471550	3738672	3735416	3265	3257	92.47	936758	5295158	0.35	0.06	1	-1	seq03	seq1	
453825	468154	3754018	3739747	14330	14272	92.83	936758	5295158	1.53	0.27	1	-1	seq03	seq1	
453610	453829	3754380	3754166	220	215	87.73	936758	5295158	0.02	0.00	1	-1	seq03	seq1	
437276	453507	3771961	3755735	16232	16227	95.05	936758	5295158	1.73	0.31	1	-1	seq03	seq1	
405733	437433	3803709	3771975	31701	31735	96.08	936758	5295158	3.38	0.60	1	-1	seq03	seq1	
398739	405392	3810511	3803863	6654	6649	97.27	936758	5295158	0.71	0.13	1	-1	seq03	seq1	
391585	398742	3818142	3810979	7158	7164	94.65	936758	5295158	0.76	0.14	1	-1	seq03	seq1	
389785	391474	3830199	3828510	1690	1690	96.33	936758	5295158	0.18	0.03	1	-1	seq03	seq1	
387953	389551	3831961	3830348	1599	1614	82.62	936758	5295158	0.17	0.03	1	-1	seq03	seq1	
373899	387875	3846409	3832433	13977	13977	94.53	936758	5295158	1.49	0.26	1	-1	seq03	seq1	
364859	373897	3855549	3846511	9039	9039	95.41	936758	5295158	0.96	0.17	1	-1	seq03	seq1	
363664	364747	3857190	3856108	1084	1083	91.98	936758	5295158	0.12	0.02	1	-1	seq03	seq1	
354995	363352	3866331	3857978	8358	8354	96.32	936758	5295158	0.89	0.16	1	-1	seq03	seq1	
347120	352893	3872231	3866449	5774	5783	94.61	936758	5295158	0.62	0.11	1	-1	seq03	seq1	
343263	346925	3875912	3872224	3663	3689	92.80	936758	5295158	0.39	0.07	1	-1	seq03	seq1	
340588	343264	3880484	3877799	2677	2686	93.12	936758	5295158	0.29	0.05	1	-1	seq03	seq1	
340286	340593	3881886	3881584	308	303	94.82	936758	5295158	0.03	0.01	1	-1	seq03	seq1	
321420	328089	3890024	3883414	6670	6611	94.31	936758	5295158	0.71	0.12	1	-1	seq03	seq1	
316638	320942	3894492	3890060	4305	4433	92.04	936758	5295158	0.46	0.08	1	-1	seq03	seq1	
312885	314216	3895905	3894494	1332	1412	86.27	936758	5295158	0.14	0.03	1	-1	seq03	seq1	
299723	312746	3908982	3895996	13024	12987	94.75	936758	5295158	1.39	0.25	1	-1	seq03	seq1	
296563	297889	3910302	3908971	1327	1332	93.85	936758	5295158	0.14	0.03	1	-1	seq03	seq1	
295230	295380	3910950	3910801	151	150	92.72	936758	5295158	0.02	0.00	1	-1	seq03	seq1	
281010	294519	3924526	3910969	13510	13558	95.45	936758	5295158	1.44	0.26	1	-1	seq03	seq1	
273317	276602	3927939	3924656	3286	3284	95.10	936758	5295158	0.35	0.06	1	-1	seq03	seq1	
267755	273317	3933636	3928091	5563	5546	96.46	936758	5295158	0.59	0.10	1	-1	seq03	seq1	
264753	267256	3936128	3933626	2504	2503	94.25	936758	5295158	0.27	0.05	1	-1	seq03	seq1	
261006	263308	3939021	3936741	2303	2281	92.97	936758	5295158	0.25	0.04	1	-1	seq03	seq1	
255522	258889	3944329	3940962	3368	3368	94.69	936758	5295158	0.36	0.06	1	-1	seq03	seq1	
251715	253608	3946221	3944328	1894	1894	95.04	936758	5295158	0.20	0.04	1	-1	seq03	seq1	
250734	251715	3947327	3946346	982	982	98.07	936758	5295158	0.10	0.02	1	-1	seq03	seq1	
249614	250652	3949501	3948464	1039	1038	93.36	936758	5295158	0.11	0.02	1	-1	seq03	seq1	
236516	249510	3965436	3952444	12995	12993	94.63	936758	5295158	1.39	0.25	1	-1	seq03	seq1	
235126	236160	3968037	3967003	1035	1035	95.17	936758	5295158	0.11	0.02	1	-1	seq03	seq1	
233099	235076	3970853	3968867	1978	1987	93.86	936758	5295158	0.21	0.04	1	-1	seq03	seq1	
231565	232734	3972000	3970844	1170	1157	94.11	936758	5295158	0.12	0.02	1	-1	seq03	seq1	
228665	231089	3974571	3972144	2425	2428	94.90	936758	5295158	0.26	0.05	1	-1	seq03	seq1	
225673	226555	3977716	3976834	883	883	94.93	936758	5295158	0.09	0.02	1	-1	seq03	seq1	
219831	224114	3982251	3977956	4284	4296	94.83	936758	5295158	0.46	0.08	1	-1	seq03	seq1	
217036	219698	3984897	3982259	2663	2639	92.46	936758	5295158	0.28	0.05	1	-1	seq03	seq1	
215860	216371	3985509	3984993	512	517	86.87	936758	5295158	0.05	0.01	1	-1	seq03	seq1	
211047	212630	3987426	3985842	1584	1585	94.70	936758	5295158	0.17	0.03	1	-1	seq03	seq1	
204340	209473	3992585	3987440	5134	5146	91.77	936758	5295158	0.55	0.10	1	-1	seq03	seq1	
202437	204106	4000288	3998621	1670	1668	94.37	936758	5295158	0.18	0.03	1	-1	seq03	seq1	
198241	200988	4004688	4001946	2748	2743	92.70	936758	5295158	0.29	0.05	1	-1	seq03	seq1	
185262	190078	4030373	4025559	4817	4815	92.86	936758	5295158	0.51	0.09	1	-1	seq03	seq1	
164737	172172	4061156	4053678	7436	7479	93.81	936758	5295158	0.79	0.14	1	-1	seq03	seq1	
162198	164753	4063895	4061331	2556	2565	96.57	936758	5295158	0.27	0.05	1	-1	seq03	seq1	
152581	159500	4070906	4063978	6920	6929	91.82	936758	5295158	0.74	0.13	1	-1	seq03	seq1	
152195	152470	4071301	4071023	276	279	83.99	936758	5295158	0.03	0.01	1	-1	seq03	seq1	
151205	152070	4072297	4071441	866	857	86.91	936758	5295158	0.09	0.02	1	-1	seq03	seq1	
143210	150998	4080282	4072504	7789	7779	95.95	936758	5295158	0.83	0.15	1	-1	seq03	seq1	
142592	143220	4081078	4080449	629	630	95.71	936758	5295158	0.07	0.01	1	-1	seq03	seq1	
140341	142597	4084048	4081793	2257	2256	94.15	936758	5295158	0.24	0.04	1	-1	seq03	seq1	
134080	140312	4096255	4090090	6233	6166	93.57	936758	5295158	0.67	0.12	1	-1	seq03	seq1	
133636	134115	4097785	4097306	480	480	96.04	936758	5295158	0.05	0.01	1	-1	seq03	seq1	
131738	133827	4100765	4098680	2090	2086	90.60	936758	5295158	0.22	0.04	1	-1	seq03	seq1	
120858	131602	4111537	4100799	10745	10739	95.63	936758	5295158	1.15	0.20	1	-1	seq03	seq1	
106462	120790	4126000	4111673	14329	14328	95.47	936758	5295158	1.53	0.27	1	-1	seq03	seq1	
103638	104473	4126891	4126053	836	839	91.67	936758	5295158	0.09	0.02	1	-1	seq03	seq1	
98608	100609	4129106	4127158	2002	1949	91.22	936758	5295158	0.21	0.04	1	-1	seq03	seq1	
584	1019	4129144	4129578	436	435	89.91	61450	5295158	0.71	0.01	1	1	seq12	seq1	
1165	1768	4139803	4140388	604	586	88.91	61450	5295158	0.98	0.01	1	1	seq12	seq1	
30728	31100	4140254	4139883	373	372	89.81	95020	5295158	0.39	0.01	1	-1	seq10	seq1	
95459	98612	4143574	4140396	3154	3179	93.90	936758	5295158	0.34	0.06	1	-1	seq03	seq1	
80805	95455	4159610	4144970	14651	14641	93.55	936758	5295158	1.56	0.28	1	-1	seq03	seq1	
73329	79554	4167040	4160808	6226	6233	91.77	936758	5295158	0.66	0.12	1	-1	seq03	seq1	
66209	73331	4176274	4169096	7123	7179	93.72	936758	5295158	0.76	0.14	1	-1	seq03	seq1	
65697	66206	4176906	4176397	510	510	96.47	936758	5295158	0.05	0.01	1	-1	seq03	seq1	
50367	65475	4192170	4177010	15109	15161	94.90	936758	5295158	1.61	0.29	1	-1	seq03	seq1	
45836	50117	4197358	4193077	4282	4282	92.28	936758	5295158	0.46	0.08	1	-1	seq03	seq1	
33452	43799	4209441	4199057	10348	10385	93.31	936758	5295158	1.10	0.20	1	-1	seq03	seq1	
24853	28433	4213024	4209442	3581	3583	95.84	936758	5295158	0.38	0.07	1	-1	seq03	seq1	
1397	24469	4241475	4218404	23073	23072	94.39	936758	5295158	2.46	0.44	1	-1	seq03	seq1	
1	1464	4242724	4241261	1464	1464	99.04	936758	5295158	0.16	0.03	1	-1	seq03	seq1	
1	4120	4247173	4251343	4120	4171	93.88	204686	5295158	2.01	0.08	1	1	seq08	seq1	
4444	18053	4251767	4265374	13610	13608	94.97	204686	5295158	6.65	0.26	1	1	seq08	seq1	
18053	49634	4266916	4298540	31582	31625	95.67	204686	5295158	15.43	0.60	1	1	seq08	seq1	
50042	52762	4298532	4301253	2721	2722	94.97	204686	5295158	1.33	0.05	1	1	seq08	seq1	
52795	67535	4301437	4316184	14741	14748	93.82	204686	5295158	7.20	0.28	1	1	seq08	seq1	
69091	71523	4317731	4320160	2433	2430	94.05	204686	5295158	1.19	0.05	1	1	seq08	seq1	
71650	87126	4320585	4336108	15477	15524	92.45	204686	5295158	7.56	0.29	1	1	seq08	seq1	
5080	5389	4336524	4336215	310	310	88.71	944352	5295158	0.03	0.01	1	-1	seq02	seq1	
87850	105249	4344466	4361777	17400	17312	94.47	204686	5295158	8.50	0.33	1	1	seq08	seq1	
105244	118884	4362359	4376071	13641	13713	95.03	204686	5295158	6.66	0.26	1	1	seq08	seq1	
118871	128263	4376348	4385675	9393	9328	93.30	204686	5295158	4.59	0.18	1	1	seq08	seq1	
129134	164262	4386546	4421648	35129	35103	94.77	204686	5295158	17.16	0.66	1	1	seq08	seq1	
169538	170667	4421653	4422785	1130	1133	95.94	204686	5295158	0.55	0.02	1	1	seq08	seq1	
170669	186338	4422934	4438695	15670	15762	95.15	204686	5295158	7.66	0.30	1	1	seq08	seq1	
189340	189516	4441274	4441450	177	177	91.06	204686	5295158	0.09	0.00	1	1	seq08	seq1	
189573	193423	4460357	4464196	3851	3840	95.85	204686	5295158	1.88	0.07	1	1	seq08	seq1	
193421	204686	4464344	4475624	11266	11281	95.98	204686	5295158	5.50	0.21	1	1	seq08	seq1	
1	35283	4480062	4515371	35283	35310	95.35	238460	5295158	14.80	0.67	1	1	seq06	seq1	
35276	37876	4516427	4519030	2601	2604	92.78	238460	5295158	1.09	0.05	1	1	seq06	seq1	
38051	47854	4519214	4529085	9804	9872	94.67	238460	5295158	4.11	0.19	1	1	seq06	seq1	
85555	99253	4529061	4542804	13699	13744	96.36	238460	5295158	5.74	0.26	1	1	seq06	seq1	
99249	109392	4542950	4553123	10144	10174	95.76	238460	5295158	4.25	0.19	1	1	seq06	seq1	
109384	116808	4553271	4560687	7425	7417	94.92	238460	5295158	3.11	0.14	1	1	seq06	seq1	
116805	130631	4560870	4574783	13827	13914	94.07	238460	5295158	5.80	0.26	1	1	seq06	seq1	
130636	142588	4575545	4587555	11953	12011	94.86	238460	5295158	5.01	0.23	1	1	seq06	seq1	
143664	149143	4588721	4594235	5480	5515	96.12	238460	5295158	2.30	0.10	1	1	seq06	seq1	
149167	150578	4595632	4597043	1412	1412	92.63	238460	5295158	0.59	0.03	1	1	seq06	seq1	
152505	185464	4597079	4629980	32960	32902	94.84	238460	5295158	13.82	0.62	1	1	seq06	seq1	
185654	187002	4630031	4631379	1349	1349	95.11	238460	5295158	0.57	0.03	1	1	seq06	seq1	
188065	225867	4633609	4671487	37803	37879	96.41	238460	5295158	15.85	0.72	1	1	seq06	seq1	
225873	237869	4671794	4683786	11997	11993	97.29	238460	5295158	5.03	0.23	1	1	seq06	seq1	
4208	8670	4709185	4704700	4463	4486	95.35	8670	5295158	51.48	0.08	1	-1	seq19	seq1	
2043	3093	4711298	4710247	1051	1052	94.12	8670	5295158	12.12	0.02	1	-1	seq19	seq1	
1	1317	4712614	4711299	1317	1316	97.27	8670	5295158	15.19	0.02	1	-1	seq19	seq1	
5052	5329	4724689	4724410	278	280	95.36	5329	5295158	5.22	0.01	1	-1	seq21	seq1	
1	15800	4740159	4724407	15800	15753	95.79	15800	5295158	100.00	0.30	1	-1	seq17	seq1	[CONTAINED]
1	286	4740332	4740047	286	286	99.65	286	5295158	100.00	0.01	1	-1	seq35	seq1	[CONTAINED]
82309	96736	4759359	4744935	14428	14425	97.80	96736	5295158	14.91	0.27	1	-1	seq09	seq1	
80748	82160	4760769	4759359	1413	1411	93.35	96736	5295158	1.46	0.03	1	-1	seq09	seq1	
68879	80726	4774145	4762313	11848	11833	96.09	96736	5295158	12.25	0.22	1	-1	seq09	seq1	
68555	68881	4776190	4775865	327	326	95.41	96736	5295158	0.34	0.01	1	-1	seq09	seq1	
62261	68323	4787702	4781632	6063	6071	95.08	96736	5295158	6.27	0.11	1	-1	seq09	seq1	
56486	62155	4795065	4789393	5670	5673	94.49	96736	5295158	5.86	0.11	1	-1	seq09	seq1	
53896	56486	4797780	4795190	2591	2591	95.18	96736	5295158	2.68	0.05	1	-1	seq09	seq1	
45314	53900	4806509	4797926	8587	8584	95.32	96736	5295158	8.88	0.16	1	-1	seq09	seq1	
43026	45314	4808952	4806662	2289	2291	95.94	96736	5295158	2.37	0.04	1	-1	seq09	seq1	
34523	41792	4816197	4808945	7270	7253	93.05	96736	5295158	7.52	0.14	1	-1	seq09	seq1	
29230	34508	4821992	4816717	5279	5276	94.77	96736	5295158	5.46	0.10	1	-1	seq09	seq1	
27355	28332	4823871	4822894	978	978	88.85	96736	5295158	1.01	0.02	1	-1	seq09	seq1	
16788	24579	4831634	4823875	7792	7760	92.04	96736	5295158	8.05	0.15	1	-1	seq09	seq1	
1	9730	4841374	4831645	9730	9730	97.21	96736	5295158	10.06	0.18	1	-1	seq09	seq1	
1	58607	4845829	4904445	58607	58617	98.71	58607	5295158	100.00	1.11	1	1	seq13	seq1	[CONTAINED]
288	370	4909108	4909026	83	83	100.00	517	5295158	16.05	0.00	1	-1	seq30	seq1	
1	43645	4914560	4958229	43645	43670	97.45	48539	5295158	89.92	0.82	1	1	seq14	seq1	
43645	48539	4958382	4963277	4895	4896	97.61	48539	5295158	10.08	0.09	1	1	seq14	seq1	
1	14900	4982784	4967915	14900	14870	97.09	14900	5295158	100.00	0.28	1	-1	seq18	seq1	[CONTAINED]
1	31325	4986342	5017674	31325	31333	97.27	291766	5295158	10.74	0.59	1	1	seq04	seq1	
31444	38944	5017671	5025171	7501	7501	97.20	291766	5295158	2.57	0.14	1	1	seq04	seq1	
39036	116515	5025870	5103573	77480	77704	94.89	291766	5295158	26.56	1.47	1	1	seq04	seq1	
117235	125802	5103627	5112200	8568	8574	95.91	291766	5295158	2.94	0.16	1	1	seq04	seq1	
126021	132734	5112232	5118924	6714	6693	95.76	291766	5295158	2.30	0.13	1	1	seq04	seq1	
132824	138049	5119136	5124361	5226	5226	96.27	291766	5295158	1.79	0.10	1	1	seq04	seq1	
138271	140427	5124405	5126562	2157	2158	89.50	291766	5295158	0.74	0.04	1	1	seq04	seq1	
140389	142301	5137280	5139185	1913	1906	93.07	291766	5295158	0.66	0.04	1	1	seq04	seq1	
150802	156062	5139182	5144460	5261	5279	91.20	291766	5295158	1.80	0.10	1	1	seq04	seq1	
156712	177071	5145173	5165544	20360	20372	96.51	291766	5295158	6.98	0.38	1	1	seq04	seq1	
177161	178916	5165732	5167539	1756	1808	95.13	291766	5295158	0.60	0.03	1	1	seq04	seq1	
178798	180194	5167669	5169065	1397	1397	97.49	291766	5295158	0.48	0.03	1	1	seq04	seq1	
180194	186160	5169190	5175161	5967	5972	96.30	291766	5295158	2.05	0.11	1	1	seq04	seq1	
186023	198461	5175147	5187664	12439	12518	97.35	291766	5295158	4.26	0.24	1	1	seq04	seq1	
198456	206407	5187902	5195869	7952	7968	93.57	291766	5295158	2.73	0.15	1	1	seq04	seq1	
206162	215482	5195822	5205132	9321	9311	94.88	291766	5295158	3.19	0.18	1	1	seq04	seq1	
215640	219241	5205138	5208740	3602	3603	97.53	291766	5295158	1.23	0.07	1	1	seq04	seq1	
219279	223452	5210521	5214690	4174	4170	94.63	291766	5295158	1.43	0.08	1	1	seq04	seq1	
224164	225812	5214769	5216417	1649	1649	98.48	291766	5295158	0.57	0.03	1	1	seq04	seq1	
242048	242773	5228510	5229234	726	725	93.41	291766	5295158	0.25	0.01	1	1	seq04	seq1	
243722	244632	5229358	5230268	911	911	93.42	291766	5295158	0.31	0.02	1	1	seq04	seq1	
244797	251321	5231402	5237922	6525	6521	96.26	291766	5295158	2.24	0.12	1	1	seq04	seq1	
252248	252445	5237912	5238112	198	201	91.54	291766	5295158	0.07	0.00	1	1	seq04	seq1	
252447	254459	5239641	5241653	2013	2013	95.68	291766	5295158	0.69	0.04	1	1	seq04	seq1	
254662	255841	5241856	5243049	1180	1194	85.12	291766	5295158	0.40	0.02	1	1	seq04	seq1	
256352	264087	5244251	5252023	7736	7773	95.12	291766	5295158	2.65	0.15	1	1	seq04	seq1	
266000	291182	5253939	5279087	25183	25149	94.69	291766	5295158	8.63	0.47	1	1	seq04	seq1	
11080	16798	16433	10738	5719	5696	97.13	96736	402605	5.91	1.41	1	-1	seq09	seq2	
9938	11080	19596	18451	1143	1146	92.76	96736	402605	1.18	0.28	1	-1	seq09	seq2	
128977	130067	48242	47148	1091	1095	83.03	218248	402605	0.50	0.27	1	-1	seq07	seq2	
89038	89545	91783	92286	508	504	88.58	1769259	402605	0.03	0.13	1	1	seq01	seq2	
417	834	134710	135126	418	417	92.60	5752	402605	7.27	0.10	1	1	seq20	seq2	
578025	579603	139653	138082	1579	1572	85.23	944352	402605	0.17	0.39	1	-1	seq02	seq2	
10404	11639	184058	182829	1236	1230	81.42	204686	402605	0.60	0.31	1	-1	seq08	seq2	
144544	147043	213376	215872	2500	2497	94.73	1769259	402605	0.14	0.62	1	1	seq01	seq2	
147051	147313	216219	216481	263	263	84.91	1769259	402605	0.01	0.07	1	1	seq01	seq2	
65654	67150	219467	217971	1497	1497	91.07	218248	402605	0.69	0.37	1	-1	seq07	seq2	
174388	175249	249591	250453	862	863	94.44	936758	402605	0.09	0.21	1	1	seq03	seq2	
427879	439594	292884	281166	11716	11719	94.24	944352	402605	1.24	2.91	1	-1	seq02	seq2	
605233	605581	323722	324071	349	350	89.14	1769259	402605	0.02	0.09	1	1	seq01	seq2	
3865	5092	347337	346131	1228	1207	91.23	944352	402605	0.13	0.30	1	-1	seq02	seq2	
2156	2799	348134	347492	644	643	90.22	944352	402605	0.07	0.16	1	-1	seq02	seq2	
215478	215635	375701	375858	158	158	96.84	291766	402605	0.05	0.04	1	1	seq04	seq2	
70678	71344	379797	380463	667	667	84.90	238460	402605	0.28	0.17	1	1	seq06	seq2	
226805	227677	398326	399198	873	873	90.72	936758	402605	0.09	0.22	1	1	seq03	seq2	
