16607	42703	1	26082	26097	26082	96.33	289145	5295158	9.03	0.49	1	1	seq05	seq1	
42699	46580	26228	30061	3882	3834	93.44	289145	5295158	1.34	0.07	1	1	seq05	seq1	
48394	51514	30063	33187	3121	3125	91.82	289145	5295158	1.08	0.06	1	1	seq05	seq1	
51612	51981	33187	33556	370	370	94.07	289145	5295158	0.13	0.01	1	1	seq05	seq1	
51977	54929	33959	36911	2953	2953	93.02	289145	5295158	1.02	0.06	1	1	seq05	seq1	
56502	73374	36899	53772	16873	16874	96.38	289145	5295158	5.84	0.32	1	1	seq05	seq1	
73374	78249	53970	58842	4876	4873	93.57	289145	5295158	1.69	0.09	1	1	seq05	seq1	
78200	87260	73543	82603	9061	9061	98.74	289145	5295158	3.13	0.17	1	1	seq05	seq1	
103825	111341	82496	90099	7517	7604	95.65	289145	5295158	2.60	0.14	1	1	seq05	seq1	
111487	112361	91781	92655	875	875	94.75	289145	5295158	0.30	0.02	1	1	seq05	seq1	
112584	116679	92810	96908	4096	4099	95.12	289145	5295158	1.42	0.08	1	1	seq05	seq1	
119178	119695	97183	97691	518	509	86.49	289145	5295158	0.18	0.01	1	1	seq05	seq1	
119464	120309	99705	100545	846	841	91.73	289145	5295158	0.29	0.02	1	1	seq05	seq1	
120481	128191	103919	111671	7711	7753	95.86	289145	5295158	2.67	0.15	1	1	seq05	seq1	
128376	134229	111740	117613	5854	5874	92.33	289145	5295158	2.02	0.11	1	1	seq05	seq1	
134224	137382	117973	121134	3159	3162	95.89	289145	5295158	1.09	0.06	1	1	seq05	seq1	
137103	138597	120249	121743	1495	1495	85.11	289145	5295158	0.52	0.03	1	1	seq05	seq1	
138366	146148	122128	129930	7783	7803	95.61	289145	5295158	2.69	0.15	1	1	seq05	seq1	
147465	149859	130240	132623	2395	2384	94.08	289145	5295158	0.83	0.05	1	1	seq05	seq1	
149950	150635	133162	133850	686	689	97.39	289145	5295158	0.24	0.01	1	1	seq05	seq1	
150635	154200	133974	137538	3566	3565	98.23	289145	5295158	1.23	0.07	1	1	seq05	seq1	
154207	159109	138191	143161	4903	4971	93.45	289145	5295158	1.70	0.09	1	1	seq05	seq1	
159033	173015	145004	158994	13983	13991	94.52	289145	5295158	4.84	0.26	1	1	seq05	seq1	
173026	176285	159756	163018	3260	3263	95.41	289145	5295158	1.13	0.06	1	1	seq05	seq1	
176409	181633	163322	168544	5225	5223	96.69	289145	5295158	1.81	0.10	1	1	seq05	seq1	
181082	195473	168539	182877	14392	14339	95.50	289145	5295158	4.98	0.27	1	1	seq05	seq1	
196493	200641	183275	187422	4149	4148	96.31	289145	5295158	1.43	0.08	1	1	seq05	seq1	
202164	204051	187485	189368	1888	1884	95.41	289145	5295158	0.65	0.04	1	1	seq05	seq1	
204284	205925	189607	191249	1642	1643	97.02	289145	5295158	0.57	0.03	1	1	seq05	seq1	
206055	216529	191259	201645	10475	10387	96.23	289145	5295158	3.62	0.20	1	1	seq05	seq1	
216881	230432	202016	215585	13552	13570	95.12	289145	5295158	4.69	0.26	1	1	seq05	seq1	
230649	231787	216252	217392	1139	1141	93.98	289145	5295158	0.39	0.02	1	1	seq05	seq1	
231835	237141	221859	227164	5307	5306	95.25	289145	5295158	1.84	0.10	1	1	seq05	seq1	
240827	242492	227197	228857	1666	1661	95.44	289145	5295158	0.58	0.03	1	1	seq05	seq1	
242580	248386	228986	234800	5807	5815	95.27	289145	5295158	2.01	0.11	1	1	seq05	seq1	
248583	252509	236489	240415	3927	3927	93.82	289145	5295158	1.36	0.07	1	1	seq05	seq1	
259071	281979	240461	263396	22909	22936	96.55	289145	5295158	7.92	0.43	1	1	seq05	seq1	
281981	289145	263546	270710	7165	7165	96.85	289145	5295158	2.48	0.14	1	1	seq05	seq1	
1	2367	275079	277449	2367	2371	98.99	1770292	5295158	0.13	0.04	1	1	seq01	seq1	
2671	4213	279153	280696	1543	1544	97.15	1770292	5295158	0.09	0.03	1	1	seq01	seq1	
4501	14070	285496	295064	9570	9569	96.86	1770292	5295158	0.54	0.18	1	1	seq01	seq1	
14140	22358	295904	304185	8219	8282	95.16	1770292	5295158	0.46	0.16	1	1	seq01	seq1	
22362	34589	304305	316543	12228	12239	92.57	1770292	5295158	0.69	0.23	1	1	seq01	seq1	
34589	35942	316695	318048	1354	1354	94.61	1770292	5295158	0.08	0.03	1	1	seq01	seq1	
35964	36714	319580	320330	751	751	95.48	1770292	5295158	0.04	0.01	1	1	seq01	seq1	
36847	45055	320457	328667	8209	8211	91.18	1770292	5295158	0.46	0.16	1	1	seq01	seq1	
45057	49005	329619	333569	3949	3951	92.74	1770292	5295158	0.22	0.07	1	1	seq01	seq1	
49038	50258	335706	336926	1221	1221	91.81	1770292	5295158	0.07	0.02	1	1	seq01	seq1	
53333	56177	337809	340671	2845	2863	93.44	1770292	5295158	0.16	0.05	1	1	seq01	seq1	
56420	60281	340739	344560	3862	3822	92.35	1770292	5295158	0.22	0.07	1	1	seq01	seq1	
60548	69472	344848	353802	8925	8955	93.98	1770292	5295158	0.50	0.17	1	1	seq01	seq1	
69474	70568	353927	355023	1095	1097	95.90	1770292	5295158	0.06	0.02	1	1	seq01	seq1	
70624	77685	355518	362571	7062	7054	95.77	1770292	5295158	0.40	0.13	1	1	seq01	seq1	
77849	89388	366331	377884	11540	11554	95.22	1770292	5295158	0.65	0.22	1	1	seq01	seq1	
89474	92151	378004	380681	2678	2678	94.92	1770292	5295158	0.15	0.05	1	1	seq01	seq1	
93519	95632	388731	390762	2114	2032	91.12	1770292	5295158	0.12	0.04	1	1	seq01	seq1	
95632	108129	390917	403441	12498	12525	95.83	1770292	5295158	0.71	0.24	1	1	seq01	seq1	
108185	124321	404688	420597	16137	15910	92.75	1770292	5295158	0.91	0.30	1	1	seq01	seq1	
124668	132183	421187	428658	7516	7472	92.05	1770292	5295158	0.42	0.14	1	1	seq01	seq1	
132185	132846	429003	429664	662	662	94.11	1770292	5295158	0.04	0.01	1	1	seq01	seq1	
134868	161058	433155	459271	26191	26117	95.35	1770292	5295158	1.48	0.49	1	1	seq01	seq1	
161229	163848	459470	462086	2620	2617	97.29	1770292	5295158	0.15	0.05	1	1	seq01	seq1	
163919	164471	461993	462545	553	553	93.49	1770292	5295158	0.03	0.01	1	1	seq01	seq1	
164463	166428	463484	465458	1966	1975	93.23	1770292	5295158	0.11	0.04	1	1	seq01	seq1	
166418	166931	465286	465784	514	499	86.85	1770292	5295158	0.03	0.01	1	1	seq01	seq1	
167068	171540	465627	470099	4473	4473	97.65	1770292	5295158	0.25	0.08	1	1	seq01	seq1	
171639	172236	472546	473143	598	598	95.66	1770292	5295158	0.03	0.01	1	1	seq01	seq1	
172264	176731	473638	478106	4468	4469	95.39	1770292	5295158	0.25	0.08	1	1	seq01	seq1	
176836	178948	478308	480415	2113	2108	95.08	1770292	5295158	0.12	0.04	1	1	seq01	seq1	
179282	181169	480421	482304	1888	1884	93.07	1770292	5295158	0.11	0.04	1	1	seq01	seq1	
184305	184631	492833	493162	327	330	86.71	1770292	5295158	0.02	0.01	1	1	seq01	seq1	
184718	189337	494074	498692	4620	4619	95.08	1770292	5295158	0.26	0.09	1	1	seq01	seq1	
189335	193028	499116	502812	3694	3697	96.75	1770292	5295158	0.21	0.07	1	1	seq01	seq1	
192994	219701	504172	530836	26708	26665	96.28	1770292	5295158	1.51	0.50	1	1	seq01	seq1	
220223	226798	530934	537511	6576	6578	95.48	1770292	5295158	0.37	0.12	1	1	seq01	seq1	
227497	233811	538981	545302	6315	6322	95.81	1770292	5295158	0.36	0.12	1	1	seq01	seq1	
233817	247686	546283	560074	13870	13792	96.78	1770292	5295158	0.78	0.26	1	1	seq01	seq1	
247848	255251	560225	567627	7404	7403	97.57	1770292	5295158	0.42	0.14	1	1	seq01	seq1	
255385	278727	567747	591087	23343	23341	97.34	1770292	5295158	1.32	0.44	1	1	seq01	seq1	
281056	289633	591863	600385	8578	8523	96.20	1770292	5295158	0.48	0.16	1	1	seq01	seq1	
289661	306648	607140	624251	16988	17112	95.16	1770292	5295158	0.96	0.32	1	1	seq01	seq1	
308639	316947	624346	632655	8309	8310	95.61	1770292	5295158	0.47	0.16	1	1	seq01	seq1	
320109	342852	632873	655732	22744	22860	95.71	1770292	5295158	1.28	0.43	1	1	seq01	seq1	
355223	404303	657154	706308	49081	49155	96.77	1770292	5295158	2.77	0.93	1	1	seq01	seq1	
404303	418138	706463	720304	13836	13842	94.90	1770292	5295158	0.78	0.26	1	1	seq01	seq1	
418286	419440	720304	721470	1155	1167	93.06	1770292	5295158	0.07	0.02	1	1	seq01	seq1	
419134	419813	721281	721960	680	680	90.59	1770292	5295158	0.04	0.01	1	1	seq01	seq1	
419476	446022	721731	748273	26547	26543	96.50	1770292	5295158	1.50	0.50	1	1	seq01	seq1	
446027	446983	748426	749380	957	955	95.82	1770292	5295158	0.05	0.02	1	1	seq01	seq1	
447105	447892	749676	750461	788	786	90.86	1770292	5295158	0.04	0.01	1	1	seq01	seq1	
447909	491599	752070	795793	43691	43724	95.98	1770292	5295158	2.47	0.83	1	1	seq01	seq1	
491602	500912	797768	807092	9311	9325	94.83	1770292	5295158	0.53	0.18	1	1	seq01	seq1	
501243	501702	807423	807879	460	457	83.98	1770292	5295158	0.03	0.01	1	1	seq01	seq1	
502758	510289	808767	816315	7532	7549	96.87	1770292	5295158	0.43	0.14	1	1	seq01	seq1	
510286	530394	816463	836558	20109	20096	96.39	1770292	5295158	1.14	0.38	1	1	seq01	seq1	
530393	588116	836706	894408	57724	57703	96.37	1770292	5295158	3.26	1.09	1	1	seq01	seq1	
588566	591883	894404	897720	3318	3317	97.14	1770292	5295158	0.19	0.06	1	1	seq01	seq1	
591868	598542	907945	914635	6675	6691	95.41	1770292	5295158	0.38	0.13	1	1	seq01	seq1	
598565	613353	916201	930995	14789	14795	96.10	1770292	5295158	0.84	0.28	1	1	seq01	seq1	
613352	615870	931636	934144	2519	2509	97.90	1770292	5295158	0.14	0.05	1	1	seq01	seq1	
615872	646225	935226	965590	30354	30365	96.76	1770292	5295158	1.71	0.57	1	1	seq01	seq1	
646384	659609	969120	982343	13226	13224	97.61	1770292	5295158	0.75	0.25	1	1	seq01	seq1	
659606	669479	983055	992939	9874	9885	96.55	1770292	5295158	0.56	0.19	1	1	seq01	seq1	
669612	723425	997059	1050896	53814	53838	95.82	1770292	5295158	3.04	1.02	1	1	seq01	seq1	
724560	755008	1053011	1083411	30449	30401	96.51	1770292	5295158	1.72	0.57	1	1	seq01	seq1	
755348	768052	1084557	1097263	12705	12707	94.48	1770292	5295158	0.72	0.24	1	1	seq01	seq1	
768981	794268	1097610	1122956	25288	25347	95.95	1770292	5295158	1.43	0.48	1	1	seq01	seq1	
794337	795029	1123669	1124360	693	692	91.05	1770292	5295158	0.04	0.01	1	1	seq01	seq1	
795039	826056	1126057	1157112	31018	31056	97.14	1770292	5295158	1.75	0.59	1	1	seq01	seq1	
826056	839575	1157232	1170751	13520	13520	97.39	1770292	5295158	0.76	0.26	1	1	seq01	seq1	
839928	851834	1171101	1183012	11907	11912	95.99	1770292	5295158	0.67	0.22	1	1	seq01	seq1	
853090	863690	1183031	1193712	10601	10682	95.94	1770292	5295158	0.60	0.20	1	1	seq01	seq1	
907786	953808	1193700	1239729	46023	46030	97.16	1770292	5295158	2.60	0.87	1	1	seq01	seq1	
954423	958439	1239720	1243733	4017	4014	92.32	1770292	5295158	0.23	0.08	1	1	seq01	seq1	
958665	1038097	1245147	1324550	79433	79404	97.64	1770292	5295158	4.49	1.50	1	1	seq01	seq1	
1038089	1062189	1330548	1354687	24101	24140	93.96	1770292	5295158	1.36	0.46	1	1	seq01	seq1	
1062518	1078044	1354689	1370272	15527	15584	97.45	1770292	5295158	0.88	0.29	1	1	seq01	seq1	
1078146	1083754	1372047	1377573	5609	5527	95.99	1770292	5295158	0.32	0.10	1	1	seq01	seq1	
1083855	1089757	1377703	1383666	5903	5964	93.95	1770292	5295158	0.33	0.11	1	1	seq01	seq1	
1089802	1095601	1383803	1389604	5800	5802	93.61	1770292	5295158	0.33	0.11	1	1	seq01	seq1	
1095594	1100673	1391791	1396883	5080	5093	92.23	1770292	5295158	0.29	0.10	1	1	seq01	seq1	
1100655	1102049	1397894	1399288	1395	1395	84.63	1770292	5295158	0.08	0.03	1	1	seq01	seq1	
1102415	1105358	1403260	1406204	2944	2945	94.09	1770292	5295158	0.17	0.06	1	1	seq01	seq1	
1106090	1119468	1406355	1419726	13379	13372	93.16	1770292	5295158	0.76	0.25	1	1	seq01	seq1	
1119479	1122354	1419904	1422778	2876	2875	96.77	1770292	5295158	0.16	0.05	1	1	seq01	seq1	
1122341	1126284	1423325	1427182	3944	3858	93.46	1770292	5295158	0.22	0.07	1	1	seq01	seq1	
1126387	1137773	1427182	1438573	11387	11392	95.51	1770292	5295158	0.64	0.22	1	1	seq01	seq1	
1138026	1146267	1439762	1447989	8242	8228	95.43	1770292	5295158	0.47	0.16	1	1	seq01	seq1	
1196862	1205923	1451463	1460523	9062	9061	95.34	1770292	5295158	0.51	0.17	1	1	seq01	seq1	
1207229	1222874	1460524	1476161	15646	15638	96.33	1770292	5295158	0.88	0.30	1	1	seq01	seq1	
1222920	1228565	1480870	1486503	5646	5634	93.61	1770292	5295158	0.32	0.11	1	1	seq01	seq1	
1229886	1232230	1487824	1490159	2345	2336	81.77	1770292	5295158	0.13	0.04	1	1	seq01	seq1	
1233268	1246761	1491181	1504754	13494	13574	93.47	1770292	5295158	0.76	0.26	1	1	seq01	seq1	
1246830	1255233	1505322	1513724	8404	8403	93.38	1770292	5295158	0.47	0.16	1	1	seq01	seq1	
1255838	1258118	1513829	1516042	2281	2214	90.03	1770292	5295158	0.13	0.04	1	1	seq01	seq1	
1258123	1259590	1516191	1517658	1468	1468	92.18	1770292	5295158	0.08	0.03	1	1	seq01	seq1	
1259584	1267798	1519982	1528196	8215	8215	92.79	1770292	5295158	0.46	0.16	1	1	seq01	seq1	
1267797	1291868	1529168	1553243	24072	24076	96.24	1770292	5295158	1.36	0.45	1	1	seq01	seq1	
1291867	1297486	1554837	1560459	5620	5623	94.20	1770292	5295158	0.32	0.11	1	1	seq01	seq1	
1298943	1301031	1560454	1562538	2089	2085	92.49	1770292	5295158	0.12	0.04	1	1	seq01	seq1	
1301149	1302981	1562646	1564479	1833	1834	87.04	1770292	5295158	0.10	0.03	1	1	seq01	seq1	
1305059	1306719	1567888	1569548	1661	1661	92.66	1770292	5295158	0.09	0.03	1	1	seq01	seq1	
1306701	1312638	1569946	1575883	5938	5938	96.20	1770292	5295158	0.34	0.11	1	1	seq01	seq1	
1312722	1316577	1577850	1581704	3856	3855	92.46	1770292	5295158	0.22	0.07	1	1	seq01	seq1	
1316577	1332562	1581857	1597859	15986	16003	94.17	1770292	5295158	0.90	0.30	1	1	seq01	seq1	
1332555	1347338	1598004	1612790	14784	14787	93.12	1770292	5295158	0.84	0.28	1	1	seq01	seq1	
1347314	1349688	1613162	1615536	2375	2375	92.21	1770292	5295158	0.13	0.04	1	1	seq01	seq1	
1349730	1354944	1617009	1622222	5215	5214	94.90	1770292	5295158	0.29	0.10	1	1	seq01	seq1	
1355056	1358646	1622598	1626191	3591	3594	94.99	1770292	5295158	0.20	0.07	1	1	seq01	seq1	
1358797	1359696	1628897	1629796	900	900	92.78	1770292	5295158	0.05	0.02	1	1	seq01	seq1	
1359211	1359803	1632711	1633303	593	593	87.73	1770292	5295158	0.03	0.01	1	1	seq01	seq1	
1359795	1364655	1633914	1638767	4861	4854	93.48	1770292	5295158	0.27	0.09	1	1	seq01	seq1	
1373193	1373769	1648503	1649079	577	577	97.23	1770292	5295158	0.03	0.01	1	1	seq01	seq1	
1373792	1377936	1651662	1655808	4145	4147	92.77	1770292	5295158	0.23	0.08	1	1	seq01	seq1	
1379553	1382714	1657561	1660721	3162	3161	93.96	1770292	5295158	0.18	0.06	1	1	seq01	seq1	
1382841	1384679	1660879	1662717	1839	1839	92.45	1770292	5295158	0.10	0.03	1	1	seq01	seq1	
1386871	1393387	1662725	1669322	6517	6598	92.86	1770292	5295158	0.37	0.12	1	1	seq01	seq1	
1393430	1398068	1674847	1679471	4639	4625	94.07	1770292	5295158	0.26	0.09	1	1	seq01	seq1	
1398776	1405945	1680430	1687588	7170	7159	92.38	1770292	5295158	0.41	0.14	1	1	seq01	seq1	
1406009	1407133	1688786	1689920	1125	1135	89.16	1770292	5295158	0.06	0.02	1	1	seq01	seq1	
1407335	1408485	1690143	1691284	1151	1142	91.07	1770292	5295158	0.07	0.02	1	1	seq01	seq1	
1409741	1414518	1691290	1696081	4778	4792	93.16	1770292	5295158	0.27	0.09	1	1	seq01	seq1	
1416353	1419391	1696141	1699168	3039	3028	94.80	1770292	5295158	0.17	0.06	1	1	seq01	seq1	
1421601	1423765	1699881	1702040	2165	2160	92.34	1770292	5295158	0.12	0.04	1	1	seq01	seq1	
1423990	1426848	1702216	1705073	2859	2858	96.08	1770292	5295158	0.16	0.05	1	1	seq01	seq1	
1426911	1430490	1707328	1710905	3580	3578	95.56	1770292	5295158	0.20	0.07	1	1	seq01	seq1	
1430487	1434712	1711636	1715860	4226	4225	93.02	1770292	5295158	0.24	0.08	1	1	seq01	seq1	
1435483	1436760	1715866	1717175	1278	1310	88.43	1770292	5295158	0.07	0.02	1	1	seq01	seq1	
1436761	1444984	1717321	1725637	8224	8317	90.34	1770292	5295158	0.46	0.16	1	1	seq01	seq1	
1447385	1450395	1726439	1729489	3011	3051	91.27	1770292	5295158	0.17	0.06	1	1	seq01	seq1	
1450332	1460214	1729612	1739520	9883	9909	95.76	1770292	5295158	0.56	0.19	1	1	seq01	seq1	
1460213	1466041	1740272	1746010	5829	5739	90.68	1770292	5295158	0.33	0.11	1	1	seq01	seq1	
1466241	1466698	1746613	1747070	458	458	92.36	1770292	5295158	0.03	0.01	1	1	seq01	seq1	
1470678	1472652	1747093	1749068	1975	1976	93.62	1770292	5295158	0.11	0.04	1	1	seq01	seq1	
1473304	1474175	1749066	1749943	872	878	90.91	1770292	5295158	0.05	0.02	1	1	seq01	seq1	
1474267	1478230	1749791	1753755	3964	3965	93.79	1770292	5295158	0.22	0.07	1	1	seq01	seq1	
1478810	1479616	1754862	1755626	807	765	89.22	1770292	5295158	0.05	0.01	1	1	seq01	seq1	
1484387	1485250	1755851	1756712	864	862	93.76	1770292	5295158	0.05	0.02	1	1	seq01	seq1	
1491298	1492522	1756913	1758130	1225	1218	92.44	1770292	5295158	0.07	0.02	1	1	seq01	seq1	
1494774	1505407	1758251	1768944	10634	10694	92.64	1770292	5295158	0.60	0.20	1	1	seq01	seq1	
1505548	1507912	1768949	1771313	2365	2365	92.44	1770292	5295158	0.13	0.04	1	1	seq01	seq1	
1508065	1512554	1777234	1781766	4490	4533	94.89	1770292	5295158	0.25	0.09	1	1	seq01	seq1	
1513063	1515891	1781756	1784581	2829	2826	92.76	1770292	5295158	0.16	0.05	1	1	seq01	seq1	
1515951	1518444	1789850	1792342	2494	2493	94.03	1770292	5295158	0.14	0.05	1	1	seq01	seq1	
1519703	1525305	1792809	1798408	5603	5600	95.22	1770292	5295158	0.32	0.11	1	1	seq01	seq1	
1526582	1528167	1798735	1800320	1586	1586	95.34	1770292	5295158	0.09	0.03	1	1	seq01	seq1	
1528529	1533511	1800317	1805294	4983	4978	93.39	1770292	5295158	0.28	0.09	1	1	seq01	seq1	
1533679	1534745	1805350	1806416	1067	1067	91.01	1770292	5295158	0.06	0.02	1	1	seq01	seq1	
1534741	1540027	1806562	1811851	5287	5290	94.75	1770292	5295158	0.30	0.10	1	1	seq01	seq1	
1540051	1546411	1813611	1819951	6361	6341	92.55	1770292	5295158	0.36	0.12	1	1	seq01	seq1	
1547591	1549936	1820938	1823284	2346	2347	93.57	1770292	5295158	0.13	0.04	1	1	seq01	seq1	
1550131	1575894	1828649	1854454	25764	25806	94.09	1770292	5295158	1.46	0.49	1	1	seq01	seq1	
1576040	1577425	1854867	1856252	1386	1386	95.53	1770292	5295158	0.08	0.03	1	1	seq01	seq1	
1578690	1579854	1859298	1860460	1165	1163	94.94	1770292	5295158	0.07	0.02	1	1	seq01	seq1	
1580131	1581465	1860697	1862055	1335	1359	91.03	1770292	5295158	0.08	0.03	1	1	seq01	seq1	
1581618	1587101	1863094	1868632	5484	5539	91.02	1770292	5295158	0.31	0.10	1	1	seq01	seq1	
1589092	1590611	1874375	1875893	1520	1519	95.66	1770292	5295158	0.09	0.03	1	1	seq01	seq1	
1592781	1596528	1875875	1879625	3748	3751	93.82	1770292	5295158	0.21	0.07	1	1	seq01	seq1	
1640006	1642017	1880704	1882712	2012	2009	92.66	1770292	5295158	0.11	0.04	1	1	seq01	seq1	
1647711	1648829	1883266	1884382	1119	1117	93.03	1770292	5295158	0.06	0.02	1	1	seq01	seq1	
1651372	1660663	1884379	1893624	9292	9246	93.19	1770292	5295158	0.52	0.17	1	1	seq01	seq1	
1667554	1667646	1896246	1896338	93	93	98.92	1770292	5295158	0.01	0.00	1	1	seq01	seq1	
1667642	1674118	1896486	1902958	6477	6473	93.34	1770292	5295158	0.37	0.12	1	1	seq01	seq1	
1674238	1680563	1903056	1909391	6326	6336	91.48	1770292	5295158	0.36	0.12	1	1	seq01	seq1	
1681415	1687759	1910587	1916944	6345	6358	93.20	1770292	5295158	0.36	0.12	1	1	seq01	seq1	
1689275	1689606	1919142	1919473	332	332	93.37	1770292	5295158	0.02	0.01	1	1	seq01	seq1	
1690053	1690239	1919607	1919793	187	187	96.79	1770292	5295158	0.01	0.00	1	1	seq01	seq1	
1697131	1701457	1920715	1925043	4327	4329	93.53	1770292	5295158	0.24	0.08	1	1	seq01	seq1	
1701477	1702855	1926153	1927533	1379	1381	93.78	1770292	5295158	0.08	0.03	1	1	seq01	seq1	
56773	58074	1932565	1933900	1302	1336	89.98	94846	5295158	1.37	0.03	1	1	seq09	seq1	
1707966	1711328	1937270	1940620	3363	3351	89.37	1770292	5295158	0.19	0.06	1	1	seq01	seq1	
1712038	1713789	1940665	1942408	1752	1744	84.66	1770292	5295158	0.10	0.03	1	1	seq01	seq1	
1717169	1718206	1948808	1949845	1038	1038	91.04	1770292	5295158	0.06	0.02	1	1	seq01	seq1	
1718240	1720013	1957504	1959268	1774	1765	92.48	1770292	5295158	0.10	0.03	1	1	seq01	seq1	
1720397	1726206	1963987	1969760	5810	5774	91.07	1770292	5295158	0.33	0.11	1	1	seq01	seq1	
1726358	1729692	1974947	1978299	3335	3353	91.16	1770292	5295158	0.19	0.06	1	1	seq01	seq1	
1729765	1733352	1980782	1984305	3588	3524	93.75	1770292	5295158	0.20	0.07	1	1	seq01	seq1	
1733348	1740756	1984404	1991864	7409	7461	93.76	1770292	5295158	0.42	0.14	1	1	seq01	seq1	
1743020	1749045	1992075	1998095	6026	6021	96.96	1770292	5295158	0.34	0.11	1	1	seq01	seq1	
1749244	1758020	1998112	2006893	8777	8782	96.36	1770292	5295158	0.50	0.17	1	1	seq01	seq1	
1758020	1759689	2007064	2008735	1670	1672	97.19	1770292	5295158	0.09	0.03	1	1	seq01	seq1	
1762847	1763800	2008953	2009894	954	942	94.13	1770292	5295158	0.05	0.02	1	1	seq01	seq1	
1765498	1767868	2009902	2012272	2371	2371	96.67	1770292	5295158	0.13	0.04	1	1	seq01	seq1	
1767713	1768212	2029126	2029625	500	500	94.41	1770292	5295158	0.03	0.01	1	1	seq01	seq1	
1768311	1770292	2029768	2031750	1982	1983	97.18	1770292	5295158	0.11	0.04	1	1	seq01	seq1	
35386	35643	2033036	2032780	258	257	89.53	35643	5295158	0.72	0.00	1	-1	seq12	seq1	
34486	35391	2034053	2033150	906	904	95.70	35643	5295158	2.54	0.02	1	-1	seq12	seq1	
30094	33095	2037237	2034217	3002	3021	93.39	35643	5295158	8.42	0.06	1	-1	seq12	seq1	
22330	23406	2038508	2037429	1077	1080	90.76	35643	5295158	3.02	0.02	1	-1	seq12	seq1	
15249	22162	2046403	2039491	6914	6913	93.57	35643	5295158	19.40	0.13	1	-1	seq12	seq1	
13823	15216	2049825	2048432	1394	1394	91.19	35643	5295158	3.91	0.03	1	-1	seq12	seq1	
10185	13820	2053560	2049949	3636	3612	93.11	35643	5295158	10.20	0.07	1	-1	seq12	seq1	
8864	10127	2055637	2054374	1264	1264	95.33	35643	5295158	3.55	0.02	1	-1	seq12	seq1	
6529	8725	2057859	2055743	2197	2117	90.72	35643	5295158	6.16	0.04	1	-1	seq12	seq1	
759	6517	2063779	2058021	5759	5759	94.24	35643	5295158	16.16	0.11	1	-1	seq12	seq1	
1130853	1131514	2064438	2063777	662	662	93.05	1132444	5295158	0.06	0.01	1	-1	seq02	seq1	
1124995	1130841	2070632	2064827	5847	5806	94.39	1132444	5295158	0.52	0.11	1	-1	seq02	seq1	
1123587	1124745	2072863	2071705	1159	1159	91.39	1132444	5295158	0.10	0.02	1	-1	seq02	seq1	
1110985	1123050	2085932	2073920	12066	12013	94.01	1132444	5295158	1.07	0.23	1	-1	seq02	seq1	
1102818	1109615	2092755	2085950	6798	6806	93.10	1132444	5295158	0.60	0.13	1	-1	seq02	seq1	
1097930	1099003	2094990	2093918	1074	1073	89.02	1132444	5295158	0.09	0.02	1	-1	seq02	seq1	
1090103	1094884	2100922	2096076	4782	4847	90.44	1132444	5295158	0.42	0.09	1	-1	seq02	seq1	
1086492	1089981	2108757	2105269	3490	3489	93.21	1132444	5295158	0.31	0.07	1	-1	seq02	seq1	
1079397	1086415	2115896	2108904	7019	6993	92.70	1132444	5295158	0.62	0.13	1	-1	seq02	seq1	
1062429	1070784	2124380	2116045	8356	8336	94.36	1132444	5295158	0.74	0.16	1	-1	seq02	seq1	
1057793	1062352	2129643	2125075	4560	4569	91.93	1132444	5295158	0.40	0.09	1	-1	seq02	seq1	
1055926	1057646	2131512	2129805	1721	1708	87.92	1132444	5295158	0.15	0.03	1	-1	seq02	seq1	
1040022	1055876	2150187	2134297	15855	15891	94.30	1132444	5295158	1.40	0.30	1	-1	seq02	seq1	
1038636	1039180	2150882	2150338	545	545	91.93	1132444	5295158	0.05	0.01	1	-1	seq02	seq1	
1026322	1038409	2164489	2152405	12088	12085	94.47	1132444	5295158	1.07	0.23	1	-1	seq02	seq1	
1020348	1023382	2168016	2164870	3035	3147	85.08	1132444	5295158	0.27	0.06	1	-1	seq02	seq1	
1008644	1020345	2180307	2168568	11702	11740	94.95	1132444	5295158	1.03	0.22	1	-1	seq02	seq1	
1003015	1008641	2185932	2180413	5627	5520	91.46	1132444	5295158	0.50	0.10	1	-1	seq02	seq1	
1001556	1002942	2187575	2186191	1387	1385	95.29	1132444	5295158	0.12	0.03	1	-1	seq02	seq1	
996730	1001629	2196558	2191652	4900	4907	96.54	1132444	5295158	0.43	0.09	1	-1	seq02	seq1	
994886	995885	2202077	2201081	1000	997	95.10	1132444	5295158	0.09	0.02	1	-1	seq02	seq1	
987583	994269	2210351	2203662	6687	6690	92.70	1132444	5295158	0.59	0.13	1	-1	seq02	seq1	
983420	987108	2214069	2210367	3689	3703	92.47	1132444	5295158	0.33	0.07	1	-1	seq02	seq1	
972834	981165	2223126	2214799	8332	8328	93.91	1132444	5295158	0.74	0.16	1	-1	seq02	seq1	
971353	972833	2225520	2224038	1481	1483	91.11	1132444	5295158	0.13	0.03	1	-1	seq02	seq1	
970272	970811	2226605	2226062	540	544	88.28	1132444	5295158	0.05	0.01	1	-1	seq02	seq1	
966530	969244	2229949	2227235	2715	2715	94.26	1132444	5295158	0.24	0.05	1	-1	seq02	seq1	
964135	966519	2232683	2230300	2385	2384	94.56	1132444	5295158	0.21	0.05	1	-1	seq02	seq1	
959199	963471	2237663	2233389	4273	4275	94.19	1132444	5295158	0.38	0.08	1	-1	seq02	seq1	
957479	959204	2239913	2238168	1726	1746	87.61	1132444	5295158	0.15	0.03	1	-1	seq02	seq1	
950058	957367	2247319	2240013	7310	7307	91.51	1132444	5295158	0.65	0.14	1	-1	seq02	seq1	
948596	949025	2252356	2251927	430	430	90.93	1132444	5295158	0.04	0.01	1	-1	seq02	seq1	
947482	948516	2256243	2255210	1035	1034	95.75	1132444	5295158	0.09	0.02	1	-1	seq02	seq1	
942423	947251	2262942	2258107	4829	4836	93.28	1132444	5295158	0.43	0.09	1	-1	seq02	seq1	
934431	941479	2269990	2262954	7049	7037	91.73	1132444	5295158	0.62	0.13	1	-1	seq02	seq1	
933685	934345	2270909	2270243	661	667	88.66	1132444	5295158	0.06	0.01	1	-1	seq02	seq1	
927693	933116	2277403	2271991	5424	5413	94.23	1132444	5295158	0.48	0.10	1	-1	seq02	seq1	
910630	927174	2295525	2278974	16545	16552	93.69	1132444	5295158	1.46	0.31	1	-1	seq02	seq1	
904182	910538	2302281	2295941	6357	6341	92.83	1132444	5295158	0.56	0.12	1	-1	seq02	seq1	
887183	904006	2320213	2303310	16824	16904	93.52	1132444	5295158	1.49	0.32	1	-1	seq02	seq1	
886384	887062	2321196	2320516	679	681	89.90	1132444	5295158	0.06	0.01	1	-1	seq02	seq1	
885065	885287	2321411	2321189	223	223	94.62	1132444	5295158	0.02	0.00	1	-1	seq02	seq1	
884525	885067	2322530	2321988	543	543	90.44	1132444	5295158	0.05	0.01	1	-1	seq02	seq1	
883179	883597	2322947	2322529	419	419	92.84	1132444	5295158	0.04	0.01	1	-1	seq02	seq1	
875008	883057	2333148	2325049	8050	8100	93.23	1132444	5295158	0.71	0.15	1	-1	seq02	seq1	
873548	874379	2334893	2334062	832	832	89.56	1132444	5295158	0.07	0.02	1	-1	seq02	seq1	
872599	873108	2335875	2335366	510	510	91.98	1132444	5295158	0.05	0.01	1	-1	seq02	seq1	
864051	872265	2344835	2336619	8215	8217	93.88	1132444	5295158	0.73	0.16	1	-1	seq02	seq1	
861688	861847	2345338	2345179	160	160	87.50	1132444	5295158	0.01	0.00	1	-1	seq02	seq1	
855770	861339	2351021	2345445	5570	5577	93.19	1132444	5295158	0.49	0.11	1	-1	seq02	seq1	
849903	854520	2355634	2351019	4618	4616	94.50	1132444	5295158	0.41	0.09	1	-1	seq02	seq1	
845570	849787	2360551	2356317	4218	4235	94.71	1132444	5295158	0.37	0.08	1	-1	seq02	seq1	
841664	843688	2364756	2362729	2025	2028	94.34	1132444	5295158	0.18	0.04	1	-1	seq02	seq1	
840559	841621	2365813	2364752	1063	1062	95.01	1132444	5295158	0.09	0.02	1	-1	seq02	seq1	
835144	840393	2372089	2366828	5250	5262	93.86	1132444	5295158	0.46	0.10	1	-1	seq02	seq1	
834480	834966	2373451	2372964	487	488	89.55	1132444	5295158	0.04	0.01	1	-1	seq02	seq1	
829179	832646	2376940	2373473	3468	3468	93.58	1132444	5295158	0.31	0.07	1	-1	seq02	seq1	
827662	829176	2378604	2377090	1515	1515	93.33	1132444	5295158	0.13	0.03	1	-1	seq02	seq1	
808633	815267	2386333	2379755	6635	6579	92.74	1132444	5295158	0.59	0.12	1	-1	seq02	seq1	
796722	808554	2398389	2386593	11833	11797	93.21	1132444	5295158	1.04	0.22	1	-1	seq02	seq1	
793795	796472	2401078	2398397	2678	2682	93.19	1132444	5295158	0.24	0.05	1	-1	seq02	seq1	
789625	791510	2403434	2401546	1886	1889	92.01	1132444	5295158	0.17	0.04	1	-1	seq02	seq1	
785086	788692	2407070	2403464	3607	3607	95.90	1132444	5295158	0.32	0.07	1	-1	seq02	seq1	
784239	785085	2408110	2407264	847	847	94.46	1132444	5295158	0.07	0.02	1	-1	seq02	seq1	
780257	784012	2412061	2408330	3756	3732	91.89	1132444	5295158	0.33	0.07	1	-1	seq02	seq1	
779496	780255	2413197	2412435	760	763	93.05	1132444	5295158	0.07	0.01	1	-1	seq02	seq1	
771176	779496	2422490	2414001	8321	8490	92.64	1132444	5295158	0.73	0.16	1	-1	seq02	seq1	
769795	771086	2424196	2422906	1292	1291	84.52	1132444	5295158	0.11	0.02	1	-1	seq02	seq1	
768329	769754	2428557	2427158	1426	1400	92.64	1132444	5295158	0.13	0.03	1	-1	seq02	seq1	
762206	764348	2430814	2428657	2143	2158	94.72	1132444	5295158	0.19	0.04	1	-1	seq02	seq1	
759203	762195	2433943	2430962	2993	2982	90.53	1132444	5295158	0.26	0.06	1	-1	seq02	seq1	
753286	757385	2438881	2434822	4100	4060	92.08	1132444	5295158	0.36	0.08	1	-1	seq02	seq1	
752089	753148	2440954	2439897	1060	1058	89.08	1132444	5295158	0.09	0.02	1	-1	seq02	seq1	
743034	751947	2452682	2443766	8914	8917	93.35	1132444	5295158	0.79	0.17	1	-1	seq02	seq1	
730482	740720	2463062	2452839	10239	10224	94.40	1132444	5295158	0.90	0.19	1	-1	seq02	seq1	
729328	730416	2464676	2463587	1089	1090	86.54	1132444	5295158	0.10	0.02	1	-1	seq02	seq1	
724078	729198	2469873	2464700	5121	5174	93.59	1132444	5295158	0.45	0.10	1	-1	seq02	seq1	
702357	720643	2496434	2478088	18287	18347	93.83	1132444	5295158	1.61	0.35	1	-1	seq02	seq1	
702152	702341	2498544	2498355	190	190	96.84	1132444	5295158	0.02	0.00	1	-1	seq02	seq1	
698712	701997	2502839	2499544	3286	3296	94.94	1132444	5295158	0.29	0.06	1	-1	seq02	seq1	
698064	698406	2504022	2503681	343	342	90.72	1132444	5295158	0.03	0.01	1	-1	seq02	seq1	
690064	696328	2513269	2507013	6265	6257	93.73	1132444	5295158	0.55	0.12	1	-1	seq02	seq1	
688856	689812	2517927	2516971	957	957	88.31	1132444	5295158	0.08	0.02	1	-1	seq02	seq1	
688137	688790	2519733	2519080	654	654	86.28	1132444	5295158	0.06	0.01	1	-1	seq02	seq1	
686733	688135	2521258	2519856	1403	1403	91.30	1132444	5295158	0.12	0.03	1	-1	seq02	seq1	
679377	679907	2522058	2521527	531	532	85.34	1132444	5295158	0.05	0.01	1	-1	seq02	seq1	
677710	678390	2522946	2522268	681	679	92.36	1132444	5295158	0.06	0.01	1	-1	seq02	seq1	
671402	677542	2529220	2523037	6141	6184	90.58	1132444	5295158	0.54	0.12	1	-1	seq02	seq1	
664994	671402	2535740	2529330	6409	6411	93.05	1132444	5295158	0.57	0.12	1	-1	seq02	seq1	
651335	664479	2550560	2537428	13145	13133	95.72	1132444	5295158	1.16	0.25	1	-1	seq02	seq1	
608621	615588	2558300	2551325	6968	6976	93.44	1132444	5295158	0.62	0.13	1	-1	seq02	seq1	
607819	608480	2576589	2575928	662	662	91.69	1132444	5295158	0.06	0.01	1	-1	seq02	seq1	
604717	607822	2580977	2577856	3106	3122	95.01	1132444	5295158	0.27	0.06	1	-1	seq02	seq1	
591268	603618	2593075	2580731	12351	12345	91.61	1132444	5295158	1.09	0.23	1	-1	seq02	seq1	
589233	591036	2595625	2593808	1804	1818	93.44	1132444	5295158	0.16	0.03	1	-1	seq02	seq1	
586371	589232	2598712	2595840	2862	2873	93.25	1132444	5295158	0.25	0.05	1	-1	seq02	seq1	
585615	586368	2600976	2600222	754	755	89.93	1132444	5295158	0.07	0.01	1	-1	seq02	seq1	
584358	584828	2603724	2603252	471	473	90.91	1132444	5295158	0.04	0.01	1	-1	seq02	seq1	
568926	584298	2621441	2606093	15373	15349	93.49	1132444	5295158	1.36	0.29	1	-1	seq02	seq1	
567864	568934	2624042	2622975	1071	1068	88.07	1132444	5295158	0.09	0.02	1	-1	seq02	seq1	
566958	567751	2625006	2624215	794	792	81.10	1132444	5295158	0.07	0.01	1	-1	seq02	seq1	
563911	566081	2629880	2627710	2171	2171	92.96	1132444	5295158	0.19	0.04	1	-1	seq02	seq1	
560108	563900	2633805	2629998	3793	3808	94.25	1132444	5295158	0.33	0.07	1	-1	seq02	seq1	
558596	560108	2645754	2644241	1513	1514	94.52	1132444	5295158	0.13	0.03	1	-1	seq02	seq1	
548458	558603	2716633	2706464	10146	10170	93.07	1132444	5295158	0.90	0.19	1	-1	seq02	seq1	
543583	547868	2720933	2716658	4286	4276	93.33	1132444	5295158	0.38	0.08	1	-1	seq02	seq1	
542409	542869	2721389	2720935	461	455	86.33	1132444	5295158	0.04	0.01	1	-1	seq02	seq1	
537886	541291	2727620	2724222	3406	3399	86.51	1132444	5295158	0.30	0.06	1	-1	seq02	seq1	
534982	537346	2730034	2727669	2365	2366	93.79	1132444	5295158	0.21	0.04	1	-1	seq02	seq1	
531594	534981	2735250	2731867	3388	3384	89.28	1132444	5295158	0.30	0.06	1	-1	seq02	seq1	
498393	530258	2767138	2735216	31866	31923	92.68	1132444	5295158	2.81	0.60	1	-1	seq02	seq1	
491192	497525	2773489	2767155	6334	6335	95.91	1132444	5295158	0.56	0.12	1	-1	seq02	seq1	
476217	491173	2788555	2773626	14957	14930	94.39	1132444	5295158	1.32	0.28	1	-1	seq02	seq1	
472202	476219	2794443	2790404	4018	4040	91.90	1132444	5295158	0.35	0.08	1	-1	seq02	seq1	
471055	471961	2796484	2795572	907	913	92.00	1132444	5295158	0.08	0.02	1	-1	seq02	seq1	
470202	470781	2798073	2797494	580	580	92.41	1132444	5295158	0.05	0.01	1	-1	seq02	seq1	
469197	470126	2801680	2800696	930	985	87.11	1132444	5295158	0.08	0.02	1	-1	seq02	seq1	
468351	468999	2802329	2801681	649	649	92.62	1132444	5295158	0.06	0.01	1	-1	seq02	seq1	
466120	467208	2805701	2804630	1089	1072	87.02	1132444	5295158	0.10	0.02	1	-1	seq02	seq1	
464241	465134	2807000	2806110	894	891	92.30	1132444	5295158	0.08	0.02	1	-1	seq02	seq1	
463449	463940	2807727	2807257	492	471	88.28	1132444	5295158	0.04	0.01	1	-1	seq02	seq1	
440681	455057	2821996	2807624	14377	14373	96.66	1132444	5295158	1.27	0.27	1	-1	seq02	seq1	
424076	440475	2838780	2822376	16400	16405	96.56	1132444	5295158	1.45	0.31	1	-1	seq02	seq1	
419562	424074	2845210	2840697	4513	4514	93.29	1132444	5295158	0.40	0.09	1	-1	seq02	seq1	
419460	419563	2847471	2847368	104	104	97.12	1132444	5295158	0.01	0.00	1	-1	seq02	seq1	
419088	419468	2848740	2848359	381	382	89.53	1132444	5295158	0.03	0.01	1	-1	seq02	seq1	
411400	419092	2856964	2849248	7693	7717	93.19	1132444	5295158	0.68	0.15	1	-1	seq02	seq1	
402333	411403	2866573	2857488	9071	9086	94.46	1132444	5295158	0.80	0.17	1	-1	seq02	seq1	
383845	402333	2885982	2867513	18489	18470	95.32	1132444	5295158	1.63	0.35	1	-1	seq02	seq1	
376895	383485	2892587	2885996	6591	6592	94.02	1132444	5295158	0.58	0.12	1	-1	seq02	seq1	
354497	356165	2903859	2902191	1669	1669	92.69	1132444	5295158	0.15	0.03	1	-1	seq02	seq1	
342462	353882	2915348	2903976	11421	11373	92.96	1132444	5295158	1.01	0.21	1	-1	seq02	seq1	
336726	341650	2920432	2915508	4925	4925	95.70	1132444	5295158	0.43	0.09	1	-1	seq02	seq1	
329550	334699	2925674	2920515	5150	5160	95.72	1132444	5295158	0.45	0.10	1	-1	seq02	seq1	
326979	327439	2926174	2925715	461	460	93.28	1132444	5295158	0.04	0.01	1	-1	seq02	seq1	
322956	326826	2930867	2926998	3871	3870	95.43	1132444	5295158	0.34	0.07	1	-1	seq02	seq1	
312737	321043	2939180	2930864	8307	8317	94.30	1132444	5295158	0.73	0.16	1	-1	seq02	seq1	
296957	312483	2955649	2940154	15527	15496	94.46	1132444	5295158	1.37	0.29	1	-1	seq02	seq1	
288341	295451	2963007	2955825	7111	7183	93.54	1132444	5295158	0.63	0.14	1	-1	seq02	seq1	
284693	288327	2969096	2965460	3635	3637	93.16	1132444	5295158	0.32	0.07	1	-1	seq02	seq1	
278304	284144	2974966	2969124	5841	5843	97.02	1132444	5295158	0.52	0.11	1	-1	seq02	seq1	
277132	278311	2976624	2975448	1180	1177	91.70	1132444	5295158	0.10	0.02	1	-1	seq02	seq1	
273514	274438	2979895	2978971	925	925	95.14	1132444	5295158	0.08	0.02	1	-1	seq02	seq1	
260542	273513	2993328	2980380	12972	12949	92.89	1132444	5295158	1.15	0.24	1	-1	seq02	seq1	
225769	260544	3032472	2997590	34776	34883	94.86	1132444	5295158	3.07	0.66	1	-1	seq02	seq1	
201018	218172	3049677	3032497	17155	17181	94.96	1132444	5295158	1.51	0.32	1	-1	seq02	seq1	
199434	200862	3051108	3049680	1429	1429	94.76	1132444	5295158	0.13	0.03	1	-1	seq02	seq1	
190184	199510	3062131	3052791	9327	9341	94.58	1132444	5295158	0.82	0.18	1	-1	seq02	seq1	
180526	190190	3073235	3063549	9665	9687	94.90	1132444	5295158	0.85	0.18	1	-1	seq02	seq1	
165736	180326	3088094	3073519	14591	14576	94.97	1132444	5295158	1.29	0.28	1	-1	seq02	seq1	
161832	165589	3091998	3088246	3758	3753	92.24	1132444	5295158	0.33	0.07	1	-1	seq02	seq1	
160774	161830	3093637	3092583	1057	1055	95.65	1132444	5295158	0.09	0.02	1	-1	seq02	seq1	
151769	160065	3107766	3099386	8297	8381	93.27	1132444	5295158	0.73	0.16	1	-1	seq02	seq1	
149365	151769	3110325	3107862	2405	2464	91.56	1132444	5295158	0.21	0.05	1	-1	seq02	seq1	
143283	149170	3121934	3116047	5888	5888	95.81	1132444	5295158	0.52	0.11	1	-1	seq02	seq1	
140957	143143	3124234	3122062	2187	2173	92.74	1132444	5295158	0.19	0.04	1	-1	seq02	seq1	
133967	140656	3131087	3124365	6690	6723	93.93	1132444	5295158	0.59	0.13	1	-1	seq02	seq1	
130267	133875	3136691	3133080	3609	3612	95.16	1132444	5295158	0.32	0.07	1	-1	seq02	seq1	
124079	128900	3141546	3136727	4822	4820	92.08	1132444	5295158	0.43	0.09	1	-1	seq02	seq1	
121419	122075	3143230	3142574	657	657	97.72	1132444	5295158	0.06	0.01	1	-1	seq02	seq1	
118253	121423	3146547	3143378	3171	3170	94.58	1132444	5295158	0.28	0.06	1	-1	seq02	seq1	
108910	117157	3154825	3146593	8248	8233	94.49	1132444	5295158	0.73	0.16	1	-1	seq02	seq1	
105764	108771	3169978	3166970	3008	3009	93.30	1132444	5295158	0.27	0.06	1	-1	seq02	seq1	
96562	103252	3176760	3170060	6691	6701	92.47	1132444	5295158	0.59	0.13	1	-1	seq02	seq1	
91395	96542	3182711	3177564	5148	5148	95.30	1132444	5295158	0.45	0.10	1	-1	seq02	seq1	
58647	59496	3182865	3183697	850	833	90.98	94846	5295158	0.90	0.02	1	1	seq09	seq1	
60374	60557	3183714	3183897	184	184	93.48	94846	5295158	0.19	0.00	1	1	seq09	seq1	
61567	61912	3184924	3185269	346	346	93.93	94846	5295158	0.36	0.01	1	1	seq09	seq1	
74670	91219	3201814	3185263	16550	16552	93.49	1132444	5295158	1.46	0.31	1	-1	seq02	seq1	
67568	69350	3203600	3201806	1783	1795	92.20	1132444	5295158	0.16	0.03	1	-1	seq02	seq1	
63292	65573	3205903	3203622	2282	2282	95.01	1132444	5295158	0.20	0.04	1	-1	seq02	seq1	
60806	63153	3208426	3206079	2348	2348	93.83	1132444	5295158	0.21	0.04	1	-1	seq02	seq1	
46187	60477	3224136	3209819	14291	14318	92.85	1132444	5295158	1.26	0.27	1	-1	seq02	seq1	
43955	45258	3225459	3224151	1304	1309	88.45	1132444	5295158	0.12	0.02	1	-1	seq02	seq1	
37186	41787	3230901	3226331	4602	4571	91.79	1132444	5295158	0.41	0.09	1	-1	seq02	seq1	
35150	37338	3233024	3230838	2189	2187	96.39	1132444	5295158	0.19	0.04	1	-1	seq02	seq1	
26043	35150	3242263	3233177	9108	9087	93.54	1132444	5295158	0.80	0.17	1	-1	seq02	seq1	
24672	26024	3245621	3244270	1353	1352	90.84	1132444	5295158	0.12	0.03	1	-1	seq02	seq1	
23664	24544	3246600	3245720	881	881	90.58	1132444	5295158	0.08	0.02	1	-1	seq02	seq1	
19888	22037	3248897	3246748	2150	2150	90.63	1132444	5295158	0.19	0.04	1	-1	seq02	seq1	
17912	19770	3251404	3249522	1859	1883	87.54	1132444	5295158	0.16	0.04	1	-1	seq02	seq1	
11151	17262	3258198	3252051	6112	6148	92.49	1132444	5295158	0.54	0.12	1	-1	seq02	seq1	
10397	11029	3258828	3258198	633	631	89.61	1132444	5295158	0.06	0.01	1	-1	seq02	seq1	
9844	10278	3259360	3258935	435	426	83.52	1132444	5295158	0.04	0.01	1	-1	seq02	seq1	
1	9700	3269066	3259361	9700	9706	95.62	1132444	5295158	0.86	0.18	1	-1	seq02	seq1	
1	3990	3270096	3274087	3990	3992	93.60	936550	5295158	0.43	0.08	1	1	seq03	seq1	
1	1283	3270222	3268940	1283	1283	97.35	1283	5295158	100.00	0.02	1	-1	seq18	seq1	[CONTAINED]
4077	13799	3275161	3284880	9723	9720	92.92	936550	5295158	1.04	0.18	1	1	seq03	seq1	
13811	15183	3285316	3286686	1373	1371	91.99	936550	5295158	0.15	0.03	1	1	seq03	seq1	
17086	17781	3286684	3287379	696	696	96.26	936550	5295158	0.07	0.01	1	1	seq03	seq1	
17779	22693	3288722	3293636	4915	4915	95.24	936550	5295158	0.52	0.09	1	1	seq03	seq1	
22694	27246	3293790	3298416	4553	4627	93.16	936550	5295158	0.49	0.09	1	1	seq03	seq1	
27245	27819	3299432	3300006	575	575	94.79	936550	5295158	0.06	0.01	1	1	seq03	seq1	
27818	38103	3301088	3311443	10286	10356	93.03	936550	5295158	1.10	0.20	1	1	seq03	seq1	
38874	56694	3312259	3330067	17821	17809	94.65	936550	5295158	1.90	0.34	1	1	seq03	seq1	
56706	59598	3331107	3333999	2893	2893	94.48	936550	5295158	0.31	0.05	1	1	seq03	seq1	
59754	61046	3342830	3344123	1293	1294	91.81	936550	5295158	0.14	0.02	1	1	seq03	seq1	
62117	75648	3345718	3359244	13532	13527	95.20	936550	5295158	1.44	0.26	1	1	seq03	seq1	
75876	76098	3359733	3359955	223	223	86.22	936550	5295158	0.02	0.00	1	1	seq03	seq1	
88045	88997	3361404	3362355	953	952	88.58	936550	5295158	0.10	0.02	1	1	seq03	seq1	
89254	91683	3362536	3364926	2430	2391	90.29	936550	5295158	0.26	0.05	1	1	seq03	seq1	
92545	101941	3365704	3375115	9397	9412	92.09	936550	5295158	1.00	0.18	1	1	seq03	seq1	
103133	113216	3376364	3386510	10084	10147	89.59	936550	5295158	1.08	0.19	1	1	seq03	seq1	
113322	170005	3386625	3443328	56684	56704	92.70	936550	5295158	6.05	1.07	1	1	seq03	seq1	
170005	175208	3443481	3448624	5204	5144	94.22	936550	5295158	0.56	0.10	1	1	seq03	seq1	
175329	186320	3448624	3459553	10992	10930	95.03	936550	5295158	1.17	0.21	1	1	seq03	seq1	
187707	205369	3459600	3477315	17663	17716	95.68	936550	5295158	1.89	0.33	1	1	seq03	seq1	
205552	261344	3477498	3533229	55793	55732	95.38	936550	5295158	5.96	1.05	1	1	seq03	seq1	
261506	280040	3533254	3551786	18535	18533	95.03	936550	5295158	1.98	0.35	1	1	seq03	seq1	
280105	287087	3551780	3558786	6983	7007	95.19	936550	5295158	0.75	0.13	1	1	seq03	seq1	
287113	348738	3559244	3621007	61626	61764	95.04	936550	5295158	6.58	1.17	1	1	seq03	seq1	
348848	349088	3621016	3621256	241	241	93.80	936550	5295158	0.03	0.00	1	1	seq03	seq1	
349093	375986	3621409	3648292	26894	26884	94.48	936550	5295158	2.87	0.51	1	1	seq03	seq1	
375987	376346	3648669	3649028	360	360	97.50	936550	5295158	0.04	0.01	1	1	seq03	seq1	
377452	444513	3649032	3716096	67062	67065	95.71	936550	5295158	7.16	1.27	1	1	seq03	seq1	
444731	448823	3716324	3720413	4093	4090	96.21	936550	5295158	0.44	0.08	1	1	seq03	seq1	
450018	450600	3720494	3721076	583	583	86.86	936550	5295158	0.06	0.01	1	1	seq03	seq1	
453239	465537	3722448	3734738	12299	12291	95.29	936550	5295158	1.31	0.23	1	1	seq03	seq1	
465533	468797	3735416	3738672	3265	3257	92.47	936550	5295158	0.35	0.06	1	1	seq03	seq1	
468929	483258	3739747	3754018	14330	14272	92.85	936550	5295158	1.53	0.27	1	1	seq03	seq1	
483258	483473	3754170	3754380	216	211	87.50	936550	5295158	0.02	0.00	1	1	seq03	seq1	
483576	499783	3755735	3771928	16208	16194	95.02	936550	5295158	1.73	0.31	1	1	seq03	seq1	
499644	531320	3771987	3803709	31677	31723	96.09	936550	5295158	3.38	0.60	1	1	seq03	seq1	
531538	538191	3803863	3810511	6654	6649	97.27	936550	5295158	0.71	0.13	1	1	seq03	seq1	
538188	545345	3810979	3818142	7158	7164	94.65	936550	5295158	0.76	0.14	1	1	seq03	seq1	
545456	547145	3828510	3830199	1690	1690	96.33	936550	5295158	0.18	0.03	1	1	seq03	seq1	
547379	548977	3830348	3831961	1599	1614	82.75	936550	5295158	0.17	0.03	1	1	seq03	seq1	
549055	563037	3832433	3846416	13983	13984	94.53	936550	5295158	1.49	0.26	1	1	seq03	seq1	
563037	572071	3846515	3855549	9035	9035	95.42	936550	5295158	0.96	0.17	1	1	seq03	seq1	
572183	573266	3856108	3857190	1084	1083	91.98	936550	5295158	0.12	0.02	1	1	seq03	seq1	
573578	581936	3857978	3866331	8359	8354	96.32	936550	5295158	0.89	0.16	1	1	seq03	seq1	
584038	589812	3866449	3872231	5775	5783	94.57	936550	5295158	0.62	0.11	1	1	seq03	seq1	
590007	593669	3872224	3875912	3663	3689	92.93	936550	5295158	0.39	0.07	1	1	seq03	seq1	
593668	596344	3877799	3880484	2677	2686	93.15	936550	5295158	0.29	0.05	1	1	seq03	seq1	
596339	596646	3881584	3881886	308	303	94.82	936550	5295158	0.03	0.01	1	1	seq03	seq1	
608843	615512	3883414	3890024	6670	6611	94.31	936550	5295158	0.71	0.12	1	1	seq03	seq1	
615990	620294	3890060	3894492	4305	4433	92.04	936550	5295158	0.46	0.08	1	1	seq03	seq1	
622716	624047	3894494	3895905	1332	1412	86.27	936550	5295158	0.14	0.03	1	1	seq03	seq1	
624186	637209	3895996	3908982	13024	12987	94.75	936550	5295158	1.39	0.25	1	1	seq03	seq1	
639043	640369	3908971	3910302	1327	1332	93.85	936550	5295158	0.14	0.03	1	1	seq03	seq1	
641552	641702	3910801	3910950	151	150	92.72	936550	5295158	0.02	0.00	1	1	seq03	seq1	
642413	655891	3910969	3924526	13479	13558	95.28	936550	5295158	1.44	0.26	1	1	seq03	seq1	
660299	663588	3924656	3927943	3290	3288	95.14	936550	5295158	0.35	0.06	1	1	seq03	seq1	
663588	669147	3928095	3933636	5560	5542	96.48	936550	5295158	0.59	0.10	1	1	seq03	seq1	
669645	672148	3933626	3936128	2504	2503	94.25	936550	5295158	0.27	0.05	1	1	seq03	seq1	
673593	675896	3936741	3939021	2304	2281	92.93	936550	5295158	0.25	0.04	1	1	seq03	seq1	
678013	681380	3940962	3944329	3368	3368	94.69	936550	5295158	0.36	0.06	1	1	seq03	seq1	
683294	685197	3944328	3946231	1904	1904	95.06	936550	5295158	0.20	0.04	1	1	seq03	seq1	
685199	686168	3946358	3947327	970	970	98.25	936550	5295158	0.10	0.02	1	1	seq03	seq1	
686250	687288	3948464	3949501	1039	1038	93.36	936550	5295158	0.11	0.02	1	1	seq03	seq1	
687392	700386	3952444	3965436	12995	12993	94.63	936550	5295158	1.39	0.25	1	1	seq03	seq1	
700742	701776	3967003	3968037	1035	1035	95.17	936550	5295158	0.11	0.02	1	1	seq03	seq1	
701826	703803	3968867	3970853	1978	1987	93.91	936550	5295158	0.21	0.04	1	1	seq03	seq1	
704168	705337	3970844	3972000	1170	1157	94.11	936550	5295158	0.12	0.02	1	1	seq03	seq1	
705813	708238	3972144	3974571	2426	2428	94.90	936550	5295158	0.26	0.05	1	1	seq03	seq1	
710348	711230	3976834	3977716	883	883	94.93	936550	5295158	0.09	0.02	1	1	seq03	seq1	
712789	717072	3977956	3982251	4284	4296	94.83	936550	5295158	0.46	0.08	1	1	seq03	seq1	
717205	719867	3982259	3984897	2663	2639	92.46	936550	5295158	0.28	0.05	1	1	seq03	seq1	
720532	721043	3984993	3985509	512	517	86.87	936550	5295158	0.05	0.01	1	1	seq03	seq1	
724273	725856	3985842	3987426	1584	1585	94.70	936550	5295158	0.17	0.03	1	1	seq03	seq1	
727430	732563	3987440	3992585	5134	5146	91.77	936550	5295158	0.55	0.10	1	1	seq03	seq1	
732797	734466	3998621	4000288	1670	1668	94.37	936550	5295158	0.18	0.03	1	1	seq03	seq1	
735915	738662	4001946	4004688	2748	2743	92.70	936550	5295158	0.29	0.05	1	1	seq03	seq1	
746825	751641	4025559	4030373	4817	4815	92.86	936550	5295158	0.51	0.09	1	1	seq03	seq1	
764733	772168	4053678	4061156	7436	7479	93.81	936550	5295158	0.79	0.14	1	1	seq03	seq1	
772152	774707	4061331	4063895	2556	2565	96.57	936550	5295158	0.27	0.05	1	1	seq03	seq1	
777405	784323	4063978	4070906	6919	6929	91.80	936550	5295158	0.74	0.13	1	1	seq03	seq1	
784434	784709	4071023	4071301	276	279	83.99	936550	5295158	0.03	0.01	1	1	seq03	seq1	
784834	785699	4071441	4072297	866	857	86.91	936550	5295158	0.09	0.02	1	1	seq03	seq1	
785906	793694	4072504	4080282	7789	7779	95.95	936550	5295158	0.83	0.15	1	1	seq03	seq1	
793684	794312	4080449	4081078	629	630	95.71	936550	5295158	0.07	0.01	1	1	seq03	seq1	
794307	796563	4081793	4084048	2257	2256	94.15	936550	5295158	0.24	0.04	1	1	seq03	seq1	
796592	802824	4090090	4096255	6233	6166	93.57	936550	5295158	0.67	0.12	1	1	seq03	seq1	
802789	803268	4097306	4097785	480	480	96.04	936550	5295158	0.05	0.01	1	1	seq03	seq1	
803077	805166	4098680	4100765	2090	2086	90.60	936550	5295158	0.22	0.04	1	1	seq03	seq1	
805302	816046	4100799	4111537	10745	10739	95.63	936550	5295158	1.15	0.20	1	1	seq03	seq1	
816114	830448	4111673	4126000	14335	14328	95.45	936550	5295158	1.53	0.27	1	1	seq03	seq1	
832437	833272	4126053	4126891	836	839	91.67	936550	5295158	0.09	0.02	1	1	seq03	seq1	
836301	838302	4127158	4129106	2002	1949	91.22	936550	5295158	0.21	0.04	1	1	seq03	seq1	
63632	64004	4139883	4140254	373	372	89.81	94846	5295158	0.39	0.01	1	1	seq09	seq1	
838298	841451	4140396	4143574	3154	3179	93.90	936550	5295158	0.34	0.06	1	1	seq03	seq1	
841455	856105	4144970	4159610	14651	14641	93.55	936550	5295158	1.56	0.28	1	1	seq03	seq1	
857356	863581	4160808	4167040	6226	6233	91.77	936550	5295158	0.66	0.12	1	1	seq03	seq1	
863579	870765	4169096	4176338	7187	7243	93.57	936550	5295158	0.77	0.14	1	1	seq03	seq1	
870770	871213	4176463	4176906	444	444	98.42	936550	5295158	0.05	0.01	1	1	seq03	seq1	
871435	886543	4177010	4192170	15109	15161	94.91	936550	5295158	1.61	0.29	1	1	seq03	seq1	
886788	891074	4193072	4197358	4287	4287	92.27	936550	5295158	0.46	0.08	1	1	seq03	seq1	
893111	903458	4199057	4209441	10348	10385	93.31	936550	5295158	1.10	0.20	1	1	seq03	seq1	
908477	912057	4209442	4213024	3581	3583	95.84	936550	5295158	0.38	0.07	1	1	seq03	seq1	
912441	936550	4218404	4242511	24110	24108	94.60	936550	5295158	2.57	0.46	1	1	seq03	seq1	
200572	204691	4251343	4247173	4120	4171	93.88	204691	5295158	2.01	0.08	1	-1	seq07	seq1	
186639	200248	4265374	4251767	13610	13608	94.97	204691	5295158	6.65	0.26	1	-1	seq07	seq1	
155058	186639	4298540	4266916	31582	31625	95.68	204691	5295158	15.43	0.60	1	-1	seq07	seq1	
151930	154650	4301253	4298532	2721	2722	94.97	204691	5295158	1.33	0.05	1	-1	seq07	seq1	
137158	151897	4316184	4301437	14740	14748	93.80	204691	5295158	7.20	0.28	1	-1	seq07	seq1	
133170	135602	4320160	4317731	2433	2430	94.05	204691	5295158	1.19	0.05	1	-1	seq07	seq1	
117564	133043	4336108	4320585	15480	15524	92.44	204691	5295158	7.56	0.29	1	-1	seq07	seq1	
99440	116840	4361777	4344466	17401	17312	94.47	204691	5295158	8.50	0.33	1	-1	seq07	seq1	
85805	99445	4376071	4362359	13641	13713	95.04	204691	5295158	6.66	0.26	1	-1	seq07	seq1	
76425	85818	4385675	4376348	9394	9328	93.31	204691	5295158	4.59	0.18	1	-1	seq07	seq1	
40425	75554	4421648	4386546	35130	35103	94.76	204691	5295158	17.16	0.66	1	-1	seq07	seq1	
34020	35149	4422785	4421653	1130	1133	95.94	204691	5295158	0.55	0.02	1	-1	seq07	seq1	
18349	34018	4438695	4422934	15670	15762	95.15	204691	5295158	7.66	0.30	1	-1	seq07	seq1	
15171	15347	4441450	4441274	177	177	91.06	204691	5295158	0.09	0.00	1	-1	seq07	seq1	
11264	15114	4464196	4460357	3851	3840	95.85	204691	5295158	1.88	0.07	1	-1	seq07	seq1	
936425	936550	4475294	4475419	126	126	97.62	936550	5295158	0.01	0.00	1	1	seq03	seq1	
1	11266	4475624	4464344	11266	11281	95.97	204691	5295158	5.50	0.21	1	-1	seq07	seq1	
1	35283	4480062	4515371	35283	35310	95.35	238463	5295158	14.80	0.67	1	1	seq06	seq1	
35276	37876	4516427	4519030	2601	2604	92.78	238463	5295158	1.09	0.05	1	1	seq06	seq1	
38051	47854	4519214	4529085	9804	9872	94.67	238463	5295158	4.11	0.19	1	1	seq06	seq1	
85557	99255	4529061	4542804	13699	13744	96.36	238463	5295158	5.74	0.26	1	1	seq06	seq1	
99251	109395	4542950	4553123	10145	10174	95.76	238463	5295158	4.25	0.19	1	1	seq06	seq1	
109387	116811	4553271	4560687	7425	7417	94.86	238463	5295158	3.11	0.14	1	1	seq06	seq1	
116380	130634	4560451	4574783	14255	14333	93.55	238463	5295158	5.98	0.27	1	1	seq06	seq1	
130639	142591	4575545	4587555	11953	12011	94.86	238463	5295158	5.01	0.23	1	1	seq06	seq1	
143667	149147	4588721	4594235	5481	5515	96.12	238463	5295158	2.30	0.10	1	1	seq06	seq1	
149171	150582	4595632	4597043	1412	1412	92.63	238463	5295158	0.59	0.03	1	1	seq06	seq1	
152509	185468	4597079	4629980	32960	32902	94.84	238463	5295158	13.82	0.62	1	1	seq06	seq1	
185658	187006	4630031	4631379	1349	1349	95.11	238463	5295158	0.57	0.03	1	1	seq06	seq1	
188069	225871	4633609	4671487	37803	37879	96.41	238463	5295158	15.85	0.72	1	1	seq06	seq1	
225877	238463	4671794	4684424	12587	12631	96.57	238463	5295158	5.28	0.24	1	1	seq06	seq1	
5065	5329	4689140	4688876	265	265	91.73	5329	5295158	4.97	0.01	1	-1	seq16	seq1	
4915	5329	4696536	4696116	415	421	86.97	5329	5295158	7.79	0.01	1	-1	seq16	seq1	
1	2326	4702429	4700104	2326	2326	100.00	2326	5295158	100.00	0.04	1	-1	seq17	seq1	[CONTAINED]
1	649	4703089	4702441	649	649	100.00	649	5295158	100.00	0.01	1	-1	seq21	seq1	[CONTAINED]
1	4464	4704700	4709185	4464	4486	95.39	8671	5295158	51.48	0.08	1	1	seq15	seq1	
96794	96920	4704805	4704679	127	127	100.00	96920	5295158	0.13	0.00	1	-1	seq08	seq1	
5579	6629	4710247	4711298	1051	1052	94.12	8671	5295158	12.12	0.02	1	1	seq15	seq1	
7355	8671	4711299	4712614	1317	1316	97.27	8671	5295158	15.19	0.02	1	1	seq15	seq1	
1	760	4716266	4715507	760	760	99.87	760	5295158	100.00	0.01	1	-1	seq20	seq1	[CONTAINED]
1	255	4716266	4716012	255	255	99.61	255	5295158	100.00	0.00	1	-1	seq31	seq1	[CONTAINED]
1	15801	4724407	4740159	15801	15753	95.79	15801	5295158	100.00	0.30	1	1	seq13	seq1	[CONTAINED]
1	286	4740332	4740047	286	286	99.65	286	5295158	100.00	0.01	1	-1	seq25	seq1	[CONTAINED]
82574	96920	4759359	4744935	14347	14425	97.25	96920	5295158	14.80	0.27	1	-1	seq08	seq1	
81014	82425	4760769	4759359	1412	1411	93.42	96920	5295158	1.46	0.03	1	-1	seq08	seq1	
76807	80992	4766493	4762313	4186	4181	95.51	96920	5295158	4.32	0.08	1	-1	seq08	seq1	
68880	76700	4774145	4766337	7821	7809	96.37	96920	5295158	8.07	0.15	1	-1	seq08	seq1	
68556	68882	4776190	4775865	327	326	95.41	96920	5295158	0.34	0.01	1	-1	seq08	seq1	
62262	68324	4787702	4781632	6063	6071	95.08	96920	5295158	6.26	0.11	1	-1	seq08	seq1	
56486	62156	4795065	4789393	5671	5673	94.47	96920	5295158	5.85	0.11	1	-1	seq08	seq1	
53896	56486	4797780	4795190	2591	2591	95.18	96920	5295158	2.67	0.05	1	-1	seq08	seq1	
45314	53900	4806509	4797926	8587	8584	95.33	96920	5295158	8.86	0.16	1	-1	seq08	seq1	
43026	45314	4808952	4806662	2289	2291	95.94	96920	5295158	2.36	0.04	1	-1	seq08	seq1	
34523	41792	4816197	4808945	7270	7253	93.06	96920	5295158	7.50	0.14	1	-1	seq08	seq1	
29230	34508	4821992	4816717	5279	5276	94.77	96920	5295158	5.45	0.10	1	-1	seq08	seq1	
27355	28332	4823871	4822894	978	978	88.85	96920	5295158	1.01	0.02	1	-1	seq08	seq1	
16788	24579	4831634	4823875	7792	7760	92.04	96920	5295158	8.04	0.15	1	-1	seq08	seq1	
1	9730	4841374	4831645	9730	9730	97.23	96920	5295158	10.04	0.18	1	-1	seq08	seq1	
1	265	4843714	4843450	265	265	100.00	265	5295158	100.00	0.01	1	-1	seq27	seq1	[CONTAINED]
1	58607	4845829	4904445	58607	58617	98.72	58607	5295158	100.00	1.11	1	1	seq10	seq1	[CONTAINED]
48357	48539	4909026	4908844	183	183	100.00	48539	5295158	0.38	0.00	1	-1	seq11	seq1	
288	370	4909108	4909026	83	83	100.00	517	5295158	16.05	0.00	1	-1	seq22	seq1	
4905	48539	4958219	4914560	43635	43660	97.46	48539	5295158	89.90	0.82	1	-1	seq11	seq1	
1	4899	4963277	4958378	4899	4900	97.61	48539	5295158	10.09	0.09	1	-1	seq11	seq1	
1	14901	4982784	4967915	14901	14870	97.09	14901	5295158	100.00	0.28	1	-1	seq14	seq1	[CONTAINED]
1	255	4985049	4985303	255	255	99.22	255	5295158	100.00	0.00	1	1	seq30	seq1	[CONTAINED]
1	1130	4986342	4987471	1130	1130	100.00	1130	5295158	100.00	0.02	1	1	seq19	seq1	[CONTAINED]
1	30322	4987345	5017674	30322	30330	97.19	290783	5295158	10.43	0.57	1	1	seq04	seq1	
30441	37941	5017671	5025171	7501	7501	97.21	290783	5295158	2.58	0.14	1	1	seq04	seq1	
38033	115512	5025870	5103573	77480	77704	94.89	290783	5295158	26.65	1.47	1	1	seq04	seq1	
116232	124799	5103627	5112200	8568	8574	95.91	290783	5295158	2.95	0.16	1	1	seq04	seq1	
125018	131731	5112232	5118924	6714	6693	95.76	290783	5295158	2.31	0.13	1	1	seq04	seq1	
131821	137046	5119136	5124361	5226	5226	96.27	290783	5295158	1.80	0.10	1	1	seq04	seq1	
137268	139424	5124405	5126562	2157	2158	89.50	290783	5295158	0.74	0.04	1	1	seq04	seq1	
139386	141298	5137280	5139185	1913	1906	93.07	290783	5295158	0.66	0.04	1	1	seq04	seq1	
149799	155059	5139182	5144460	5261	5279	91.20	290783	5295158	1.81	0.10	1	1	seq04	seq1	
155709	176074	5145173	5165544	20366	20372	96.49	290783	5295158	7.00	0.38	1	1	seq04	seq1	
176164	177919	5165732	5167539	1756	1808	95.13	290783	5295158	0.60	0.03	1	1	seq04	seq1	
177801	179197	5167669	5169065	1397	1397	97.49	290783	5295158	0.48	0.03	1	1	seq04	seq1	
179197	185163	5169190	5175161	5967	5972	96.32	290783	5295158	2.05	0.11	1	1	seq04	seq1	
185026	197464	5175147	5187664	12439	12518	97.35	290783	5295158	4.28	0.24	1	1	seq04	seq1	
197459	205410	5187902	5195869	7952	7968	93.57	290783	5295158	2.73	0.15	1	1	seq04	seq1	
205165	214485	5195822	5205132	9321	9311	94.87	290783	5295158	3.21	0.18	1	1	seq04	seq1	
214643	218244	5205138	5208740	3602	3603	97.53	290783	5295158	1.24	0.07	1	1	seq04	seq1	
218282	222455	5210521	5214690	4174	4170	94.63	290783	5295158	1.44	0.08	1	1	seq04	seq1	
223167	224815	5214769	5216417	1649	1649	98.48	290783	5295158	0.57	0.03	1	1	seq04	seq1	
241051	241776	5228510	5229234	726	725	93.41	290783	5295158	0.25	0.01	1	1	seq04	seq1	
242725	243635	5229358	5230268	911	911	93.42	290783	5295158	0.31	0.02	1	1	seq04	seq1	
243800	250333	5231402	5237922	6534	6521	96.16	290783	5295158	2.25	0.12	1	1	seq04	seq1	
251260	251457	5237912	5238112	198	201	91.54	290783	5295158	0.07	0.00	1	1	seq04	seq1	
251459	253471	5239641	5241653	2013	2013	95.68	290783	5295158	0.69	0.04	1	1	seq04	seq1	
253674	254853	5241856	5243049	1180	1194	85.12	290783	5295158	0.41	0.02	1	1	seq04	seq1	
255364	263099	5244251	5252023	7736	7773	95.12	290783	5295158	2.66	0.15	1	1	seq04	seq1	
265012	290199	5253939	5279087	25188	25149	94.67	290783	5295158	8.66	0.47	1	1	seq04	seq1	
11080	16798	16433	10738	5719	5696	97.13	96920	402605	5.90	1.41	1	-1	seq08	seq2	
9938	11080	19596	18451	1143	1146	92.76	96920	402605	1.18	0.28	1	-1	seq08	seq2	
1680749	1681256	92286	91783	508	504	88.58	1770292	402605	0.03	0.13	1	-1	seq01	seq2	
766261	767839	139653	138082	1579	1572	85.23	1132444	402605	0.14	0.39	1	-1	seq02	seq2	
193053	194288	182829	184058	1236	1230	81.42	204691	402605	0.60	0.31	1	1	seq07	seq2	
1623251	1625749	215872	213376	2499	2497	94.77	1770292	402605	0.14	0.62	1	-1	seq01	seq2	
1622981	1623243	216481	216219	263	263	84.91	1770292	402605	0.01	0.07	1	-1	seq01	seq2	
761656	762517	250453	249591	862	863	94.44	936550	402605	0.09	0.21	1	-1	seq03	seq2	
36486	36619	261020	261152	134	133	87.31	94846	402605	0.14	0.03	1	1	seq09	seq2	
616116	627831	292884	281166	11716	11719	94.24	1132444	402605	1.03	2.91	1	-1	seq02	seq2	
1164701	1165046	324071	323726	346	346	89.34	1770292	402605	0.02	0.09	1	-1	seq01	seq2	
222036	223263	347337	346131	1228	1207	91.23	1132444	402605	0.11	0.30	1	-1	seq02	seq2	
220327	220970	348134	347492	644	643	90.22	1132444	402605	0.06	0.16	1	-1	seq02	seq2	
70680	71346	379797	380463	667	667	84.90	238463	402605	0.28	0.17	1	1	seq06	seq2	
72070	72166	381640	381736	97	97	97.94	238463	402605	0.04	0.02	1	1	seq06	seq2	
709226	710098	399198	398326	873	873	90.72	936550	402605	0.09	0.22	1	-1	seq03	seq2	
