1	2367	275079	277449	2367	2371	98.95	1163259	5295158	0.20	0.04	1	1	seq01	seq1	
2671	4213	279153	280696	1543	1544	97.15	1163259	5295158	0.13	0.03	1	1	seq01	seq1	
4501	14070	285496	295064	9570	9569	96.86	1163259	5295158	0.82	0.18	1	1	seq01	seq1	
14140	22358	295904	304185	8219	8282	95.16	1163259	5295158	0.71	0.16	1	1	seq01	seq1	
22362	34589	304305	316543	12228	12239	92.56	1163259	5295158	1.05	0.23	1	1	seq01	seq1	
34589	35942	316695	318048	1354	1354	94.61	1163259	5295158	0.12	0.03	1	1	seq01	seq1	
35964	36711	319580	320330	748	751	95.08	1163259	5295158	0.06	0.01	1	1	seq01	seq1	
36844	45053	320457	328667	8210	8211	91.17	1163259	5295158	0.71	0.16	1	1	seq01	seq1	
45055	49003	329619	333569	3949	3951	92.74	1163259	5295158	0.34	0.07	1	1	seq01	seq1	
49036	50256	335706	336926	1221	1221	91.81	1163259	5295158	0.10	0.02	1	1	seq01	seq1	
53331	56175	337809	340671	2845	2863	93.47	1163259	5295158	0.24	0.05	1	1	seq01	seq1	
56418	60279	340739	344560	3862	3822	92.35	1163259	5295158	0.33	0.07	1	1	seq01	seq1	
60546	69470	344848	353802	8925	8955	93.97	1163259	5295158	0.77	0.17	1	1	seq01	seq1	
69472	70566	353927	355023	1095	1097	95.81	1163259	5295158	0.09	0.02	1	1	seq01	seq1	
70622	77682	355518	362571	7061	7054	95.74	1163259	5295158	0.61	0.13	1	1	seq01	seq1	
77845	89392	366331	377884	11548	11554	95.15	1163259	5295158	0.99	0.22	1	1	seq01	seq1	
89478	92155	378004	380681	2678	2678	94.96	1163259	5295158	0.23	0.05	1	1	seq01	seq1	
93523	95636	388731	390762	2114	2032	91.12	1163259	5295158	0.18	0.04	1	1	seq01	seq1	
95636	108132	390917	403441	12497	12525	95.81	1163259	5295158	1.07	0.24	1	1	seq01	seq1	
108188	124324	404688	420597	16137	15910	92.75	1163259	5295158	1.39	0.30	1	1	seq01	seq1	
124671	132186	421187	428658	7516	7472	92.05	1163259	5295158	0.65	0.14	1	1	seq01	seq1	
132188	132849	429003	429664	662	662	94.11	1163259	5295158	0.06	0.01	1	1	seq01	seq1	
134511	160701	433155	459271	26191	26117	95.35	1163259	5295158	2.25	0.49	1	1	seq01	seq1	
160872	163491	459470	462086	2620	2617	97.33	1163259	5295158	0.23	0.05	1	1	seq01	seq1	
163562	164114	461993	462545	553	553	93.49	1163259	5295158	0.05	0.01	1	1	seq01	seq1	
164106	166099	463484	465468	1994	1985	92.83	1163259	5295158	0.17	0.04	1	1	seq01	seq1	
165989	166502	465286	465784	514	499	86.85	1163259	5295158	0.04	0.01	1	1	seq01	seq1	
166597	171069	465627	470099	4473	4473	97.68	1163259	5295158	0.38	0.08	1	1	seq01	seq1	
171168	171765	472546	473143	598	598	95.66	1163259	5295158	0.05	0.01	1	1	seq01	seq1	
171793	176260	473638	478106	4468	4469	95.39	1163259	5295158	0.38	0.08	1	1	seq01	seq1	
176365	178477	478308	480415	2113	2108	95.08	1163259	5295158	0.18	0.04	1	1	seq01	seq1	
178811	180698	480421	482304	1888	1884	93.07	1163259	5295158	0.16	0.04	1	1	seq01	seq1	
183835	184161	492833	493162	327	330	86.71	1163259	5295158	0.03	0.01	1	1	seq01	seq1	
184248	188867	494074	498692	4620	4619	95.08	1163259	5295158	0.40	0.09	1	1	seq01	seq1	
188865	192558	499116	502812	3694	3697	96.75	1163259	5295158	0.32	0.07	1	1	seq01	seq1	
192524	219231	504172	530836	26708	26665	96.28	1163259	5295158	2.30	0.50	1	1	seq01	seq1	
219753	226328	530934	537511	6576	6578	95.48	1163259	5295158	0.57	0.12	1	1	seq01	seq1	
227027	233341	538981	545302	6315	6322	95.81	1163259	5295158	0.54	0.12	1	1	seq01	seq1	
233347	247211	546283	560074	13865	13792	96.75	1163259	5295158	1.19	0.26	1	1	seq01	seq1	
247373	254776	560225	567627	7404	7403	97.56	1163259	5295158	0.64	0.14	1	1	seq01	seq1	
254910	278251	567747	591087	23342	23341	97.34	1163259	5295158	2.01	0.44	1	1	seq01	seq1	
280580	289157	591863	600385	8578	8523	96.20	1163259	5295158	0.74	0.16	1	1	seq01	seq1	
289185	306240	607140	624251	17056	17112	95.71	1163259	5295158	1.47	0.32	1	1	seq01	seq1	
308231	316539	624346	632655	8309	8310	95.61	1163259	5295158	0.71	0.16	1	1	seq01	seq1	
319701	342444	632873	655732	22744	22860	95.71	1163259	5295158	1.96	0.43	1	1	seq01	seq1	
354815	403894	657154	706308	49080	49155	96.77	1163259	5295158	4.22	0.93	1	1	seq01	seq1	
403894	417729	706463	720304	13836	13842	94.90	1163259	5295158	1.19	0.26	1	1	seq01	seq1	
417877	419031	720304	721470	1155	1167	93.06	1163259	5295158	0.10	0.02	1	1	seq01	seq1	
418725	419404	721281	721960	680	680	90.59	1163259	5295158	0.06	0.01	1	1	seq01	seq1	
419067	445612	721731	748273	26546	26543	96.50	1163259	5295158	2.28	0.50	1	1	seq01	seq1	
445617	446573	748426	749380	957	955	95.82	1163259	5295158	0.08	0.02	1	1	seq01	seq1	
446695	447482	749676	750461	788	786	90.86	1163259	5295158	0.07	0.01	1	1	seq01	seq1	
447499	491189	752070	795793	43691	43724	95.98	1163259	5295158	3.76	0.83	1	1	seq01	seq1	
491192	500500	797768	807092	9309	9325	94.80	1163259	5295158	0.80	0.18	1	1	seq01	seq1	
500831	501290	807423	807879	460	457	83.98	1163259	5295158	0.04	0.01	1	1	seq01	seq1	
502346	509877	808767	816315	7532	7549	96.86	1163259	5295158	0.65	0.14	1	1	seq01	seq1	
509874	529982	816463	836558	20109	20096	96.38	1163259	5295158	1.73	0.38	1	1	seq01	seq1	
529981	587703	836706	894408	57723	57703	96.37	1163259	5295158	4.96	1.09	1	1	seq01	seq1	
588153	591470	894404	897720	3318	3317	97.11	1163259	5295158	0.29	0.06	1	1	seq01	seq1	
591455	598130	907945	914635	6676	6691	95.43	1163259	5295158	0.57	0.13	1	1	seq01	seq1	
598153	612941	916201	930995	14789	14795	96.09	1163259	5295158	1.27	0.28	1	1	seq01	seq1	
612940	615457	931636	934144	2518	2509	97.90	1163259	5295158	0.22	0.05	1	1	seq01	seq1	
615459	645811	935226	965590	30353	30365	96.76	1163259	5295158	2.61	0.57	1	1	seq01	seq1	
645970	659194	969120	982343	13225	13224	97.62	1163259	5295158	1.14	0.25	1	1	seq01	seq1	
659191	669064	983055	992939	9874	9885	96.53	1163259	5295158	0.85	0.19	1	1	seq01	seq1	
669197	723010	997059	1050896	53814	53838	95.82	1163259	5295158	4.63	1.02	1	1	seq01	seq1	
724145	754592	1053011	1083411	30448	30401	96.49	1163259	5295158	2.62	0.57	1	1	seq01	seq1	
754932	767636	1084557	1097263	12705	12707	94.48	1163259	5295158	1.09	0.24	1	1	seq01	seq1	
768565	793852	1097610	1122956	25288	25347	95.95	1163259	5295158	2.17	0.48	1	1	seq01	seq1	
793921	794613	1123669	1124360	693	692	91.05	1163259	5295158	0.06	0.01	1	1	seq01	seq1	
794623	825640	1126057	1157112	31018	31056	97.14	1163259	5295158	2.67	0.59	1	1	seq01	seq1	
825640	839159	1157232	1170751	13520	13520	97.39	1163259	5295158	1.16	0.26	1	1	seq01	seq1	
839512	851418	1171101	1183012	11907	11912	95.99	1163259	5295158	1.02	0.22	1	1	seq01	seq1	
852674	863275	1183031	1193712	10602	10682	95.92	1163259	5295158	0.91	0.20	1	1	seq01	seq1	
907362	953384	1193700	1239729	46023	46030	97.16	1163259	5295158	3.96	0.87	1	1	seq01	seq1	
953999	958015	1239720	1243733	4017	4014	92.32	1163259	5295158	0.35	0.08	1	1	seq01	seq1	
958241	1037672	1245147	1324550	79432	79404	97.63	1163259	5295158	6.83	1.50	1	1	seq01	seq1	
1037664	1061761	1330548	1354687	24098	24140	93.94	1163259	5295158	2.07	0.46	1	1	seq01	seq1	
1062090	1077616	1354689	1370272	15527	15584	97.45	1163259	5295158	1.33	0.29	1	1	seq01	seq1	
1077718	1083326	1372047	1377573	5609	5527	95.99	1163259	5295158	0.48	0.10	1	1	seq01	seq1	
1083427	1089329	1377703	1383666	5903	5964	93.95	1163259	5295158	0.51	0.11	1	1	seq01	seq1	
1089374	1095173	1383803	1389604	5800	5802	93.59	1163259	5295158	0.50	0.11	1	1	seq01	seq1	
1091033	1091383	360852	361202	351	351	81.53	1163259	402605	0.03	0.09	1	1	seq01	seq2	
1095166	1100245	1391791	1396883	5080	5093	92.23	1163259	5295158	0.44	0.10	1	1	seq01	seq1	
1100227	1101621	1397894	1399288	1395	1395	84.63	1163259	5295158	0.12	0.03	1	1	seq01	seq1	
1101987	1104930	1403260	1406204	2944	2945	94.13	1163259	5295158	0.25	0.06	1	1	seq01	seq1	
1105661	1119045	1406355	1419732	13385	13378	93.15	1163259	5295158	1.15	0.25	1	1	seq01	seq1	
1119051	1121917	1419904	1422778	2867	2875	96.45	1163259	5295158	0.25	0.05	1	1	seq01	seq1	
1121904	1122096	1423325	1423517	193	193	94.85	1163259	5295158	0.02	0.00	1	1	seq01	seq1	
1122089	1125766	1423591	1427182	3678	3592	93.26	1163259	5295158	0.32	0.07	1	1	seq01	seq1	
1125869	1137255	1427182	1438573	11387	11392	95.51	1163259	5295158	0.98	0.22	1	1	seq01	seq1	
1137508	1145749	1439762	1447989	8242	8228	95.43	1163259	5295158	0.71	0.16	1	1	seq01	seq1	
2143	2786	348134	347492	644	643	90.22	943868	402605	0.07	0.16	1	-1	seq02	seq2	
3852	5079	347337	346131	1228	1207	91.23	943868	402605	0.13	0.30	1	-1	seq02	seq2	
5067	5376	4336524	4336215	310	310	88.71	943868	5295158	0.03	0.01	1	-1	seq02	seq1	
7585	42327	3032472	2997590	34743	34883	94.76	943868	5295158	3.68	0.66	1	-1	seq02	seq1	
42327	55296	2993327	2980380	12970	12948	92.87	943868	5295158	1.37	0.24	1	-1	seq02	seq1	
55297	56221	2979895	2978971	925	925	95.14	943868	5295158	0.10	0.02	1	-1	seq02	seq1	
58915	66408	2976624	2969124	7494	7501	96.16	943868	5295158	0.79	0.14	1	-1	seq02	seq1	
66957	70591	2969096	2965460	3635	3637	93.13	943868	5295158	0.39	0.07	1	-1	seq02	seq1	
70605	77715	2963007	2955825	7111	7183	93.54	943868	5295158	0.75	0.14	1	-1	seq02	seq1	
79221	94720	2955649	2940154	15500	15496	94.50	943868	5295158	1.64	0.29	1	-1	seq02	seq1	
94974	103278	2939180	2930864	8305	8317	94.30	943868	5295158	0.88	0.16	1	-1	seq02	seq1	
105191	109061	2930867	2926998	3871	3870	95.43	943868	5295158	0.41	0.07	1	-1	seq02	seq1	
109214	109674	2926174	2925715	461	460	93.28	943868	5295158	0.05	0.01	1	-1	seq02	seq1	
111785	116934	2925674	2920515	5150	5160	95.72	943868	5295158	0.55	0.10	1	-1	seq02	seq1	
118961	123885	2920432	2915508	4925	4925	95.66	943868	5295158	0.52	0.09	1	-1	seq02	seq1	
124697	136117	2915348	2903976	11421	11373	92.94	943868	5295158	1.21	0.21	1	-1	seq02	seq1	
136732	138400	2903859	2902191	1669	1669	92.69	943868	5295158	0.18	0.03	1	-1	seq02	seq1	
160094	161536	2902166	2900725	1443	1442	96.12	943868	5295158	0.15	0.03	1	-1	seq02	seq1	
166345	181076	2900725	2885996	14732	14730	93.73	943868	5295158	1.56	0.28	1	-1	seq02	seq1	
181436	199924	2885982	2867513	18489	18470	95.32	943868	5295158	1.96	0.35	1	-1	seq02	seq1	
199924	208994	2866573	2857488	9071	9086	94.46	943868	5295158	0.96	0.17	1	-1	seq02	seq1	
208991	216683	2856964	2849248	7693	7717	93.19	943868	5295158	0.82	0.15	1	-1	seq02	seq1	
216679	217059	2848740	2848359	381	382	89.53	943868	5295158	0.04	0.01	1	-1	seq02	seq1	
217051	217154	2847471	2847368	104	104	97.12	943868	5295158	0.01	0.00	1	-1	seq02	seq1	
217153	221665	2845210	2840697	4513	4514	93.27	943868	5295158	0.48	0.09	1	-1	seq02	seq1	
221667	238067	2838780	2822376	16401	16405	96.55	943868	5295158	1.74	0.31	1	-1	seq02	seq1	
238273	252648	2821996	2807624	14376	14373	96.66	943868	5295158	1.52	0.27	1	-1	seq02	seq1	
260947	261438	2807727	2807257	492	471	88.28	943868	5295158	0.05	0.01	1	-1	seq02	seq1	
261739	262631	2807000	2806110	893	891	92.19	943868	5295158	0.09	0.02	1	-1	seq02	seq1	
263618	264706	2805701	2804630	1089	1072	87.02	943868	5295158	0.12	0.02	1	-1	seq02	seq1	
265849	266497	2802329	2801681	649	649	92.46	943868	5295158	0.07	0.01	1	-1	seq02	seq1	
266695	267624	2801680	2800696	930	985	87.11	943868	5295158	0.10	0.02	1	-1	seq02	seq1	
267700	268279	2798073	2797494	580	580	92.41	943868	5295158	0.06	0.01	1	-1	seq02	seq1	
268553	269459	2796484	2795572	907	913	92.00	943868	5295158	0.10	0.02	1	-1	seq02	seq1	
269700	273717	2794443	2790404	4018	4040	91.90	943868	5295158	0.43	0.08	1	-1	seq02	seq1	
273715	288666	2788555	2773626	14952	14930	94.35	943868	5295158	1.58	0.28	1	-1	seq02	seq1	
288685	295018	2773489	2767155	6334	6335	95.91	943868	5295158	0.67	0.12	1	-1	seq02	seq1	
295885	327754	2767138	2735216	31870	31923	92.69	943868	5295158	3.38	0.60	1	-1	seq02	seq1	
329090	332477	2735250	2731867	3388	3384	89.28	943868	5295158	0.36	0.06	1	-1	seq02	seq1	
332478	334842	2730034	2727669	2365	2366	93.79	943868	5295158	0.25	0.04	1	-1	seq02	seq1	
335382	338787	2727620	2724222	3406	3399	86.51	943868	5295158	0.36	0.06	1	-1	seq02	seq1	
339905	340365	2721389	2720935	461	455	86.33	943868	5295158	0.05	0.01	1	-1	seq02	seq1	
341079	345365	2720933	2716658	4287	4276	93.36	943868	5295158	0.45	0.08	1	-1	seq02	seq1	
345955	356105	2716633	2706464	10151	10170	93.09	943868	5295158	1.08	0.19	1	-1	seq02	seq1	
356098	359327	2645754	2642523	3230	3232	94.37	943868	5295158	0.34	0.06	1	-1	seq02	seq1	
363131	375556	2642446	2629998	12426	12449	92.07	943868	5295158	1.32	0.24	1	-1	seq02	seq1	
375567	377737	2629880	2627710	2171	2171	92.96	943868	5295158	0.23	0.04	1	-1	seq02	seq1	
378422	379218	2625000	2624215	797	786	81.42	943868	5295158	0.08	0.01	1	-1	seq02	seq1	
379331	380401	2624042	2622975	1071	1068	88.07	943868	5295158	0.11	0.02	1	-1	seq02	seq1	
380393	395768	2621441	2606093	15376	15349	93.46	943868	5295158	1.63	0.29	1	-1	seq02	seq1	
395828	396298	2603724	2603252	471	473	90.91	943868	5295158	0.05	0.01	1	-1	seq02	seq1	
397085	397838	2600976	2600222	754	755	89.93	943868	5295158	0.08	0.01	1	-1	seq02	seq1	
397841	400702	2598712	2595840	2862	2873	93.25	943868	5295158	0.30	0.05	1	-1	seq02	seq1	
400703	402513	2595625	2593808	1811	1818	93.14	943868	5295158	0.19	0.03	1	-1	seq02	seq1	
402745	415096	2593075	2580731	12352	12345	91.59	943868	5295158	1.31	0.23	1	-1	seq02	seq1	
416195	419300	2580977	2577856	3106	3122	95.01	943868	5295158	0.33	0.06	1	-1	seq02	seq1	
419297	419958	2576589	2575928	662	662	91.69	943868	5295158	0.07	0.01	1	-1	seq02	seq1	
420099	427066	2558300	2551325	6968	6976	93.41	943868	5295158	0.74	0.13	1	-1	seq02	seq1	
427594	439308	292884	281166	11715	11719	94.25	943868	402605	1.24	2.91	1	-1	seq02	seq2	
462813	475957	2550560	2537428	13145	13133	95.70	943868	5295158	1.39	0.25	1	-1	seq02	seq1	
476472	482880	2535740	2529330	6409	6411	93.05	943868	5295158	0.68	0.12	1	-1	seq02	seq1	
482880	489019	2529220	2523037	6140	6184	90.58	943868	5295158	0.65	0.12	1	-1	seq02	seq1	
489187	489867	2522946	2522268	681	679	92.36	943868	5295158	0.07	0.01	1	-1	seq02	seq1	
490854	491384	2522058	2521527	531	532	85.34	943868	5295158	0.06	0.01	1	-1	seq02	seq1	
498210	499612	2521258	2519856	1403	1403	91.23	943868	5295158	0.15	0.03	1	-1	seq02	seq1	
499614	500268	2519733	2519080	655	654	86.43	943868	5295158	0.07	0.01	1	-1	seq02	seq1	
500334	501290	2517927	2516971	957	957	88.31	943868	5295158	0.10	0.02	1	-1	seq02	seq1	
501542	507806	2513269	2507013	6265	6257	93.73	943868	5295158	0.66	0.12	1	-1	seq02	seq1	
509542	509884	2504022	2503681	343	342	90.72	943868	5295158	0.04	0.01	1	-1	seq02	seq1	
510190	513475	2502839	2499544	3286	3296	94.94	943868	5295158	0.35	0.06	1	-1	seq02	seq1	
513630	513819	2498544	2498355	190	190	96.84	943868	5295158	0.02	0.00	1	-1	seq02	seq1	
513835	532120	2496434	2478088	18286	18347	93.82	943868	5295158	1.94	0.35	1	-1	seq02	seq1	
535555	540675	2469873	2464700	5121	5174	93.59	943868	5295158	0.54	0.10	1	-1	seq02	seq1	
540805	541893	2464676	2463587	1089	1090	86.54	943868	5295158	0.12	0.02	1	-1	seq02	seq1	
541959	552197	2463062	2452839	10239	10224	94.39	943868	5295158	1.08	0.19	1	-1	seq02	seq1	
554511	563425	2452682	2443766	8915	8917	93.34	943868	5295158	0.94	0.17	1	-1	seq02	seq1	
563567	564626	2440954	2439897	1060	1058	89.08	943868	5295158	0.11	0.02	1	-1	seq02	seq1	
564764	568863	2438881	2434822	4100	4060	92.08	943868	5295158	0.43	0.08	1	-1	seq02	seq1	
570681	573673	2433943	2430962	2993	2982	90.53	943868	5295158	0.32	0.06	1	-1	seq02	seq1	
573684	575826	2430814	2428657	2143	2158	94.72	943868	5295158	0.23	0.04	1	-1	seq02	seq1	
577739	579317	139653	138082	1579	1572	85.23	943868	402605	0.17	0.39	1	-1	seq02	seq2	
579807	581232	2428557	2427158	1426	1400	92.64	943868	5295158	0.15	0.03	1	-1	seq02	seq1	
581273	582564	2424196	2422906	1292	1291	84.52	943868	5295158	0.14	0.02	1	-1	seq02	seq1	
582654	590974	2422490	2414001	8321	8490	92.63	943868	5295158	0.88	0.16	1	-1	seq02	seq1	
590974	591733	2413197	2412435	760	763	93.05	943868	5295158	0.08	0.01	1	-1	seq02	seq1	
591735	595489	2412061	2408330	3755	3732	91.84	943868	5295158	0.40	0.07	1	-1	seq02	seq1	
595716	596562	2408110	2407264	847	847	94.34	943868	5295158	0.09	0.02	1	-1	seq02	seq1	
596563	600169	2407070	2403464	3607	3607	95.93	943868	5295158	0.38	0.07	1	-1	seq02	seq1	
601102	602987	2403434	2401546	1886	1889	92.01	943868	5295158	0.20	0.04	1	-1	seq02	seq1	
605272	607949	2401078	2398397	2678	2682	93.19	943868	5295158	0.28	0.05	1	-1	seq02	seq1	
608199	620030	2398389	2386593	11832	11797	93.18	943868	5295158	1.25	0.22	1	-1	seq02	seq1	
620109	626743	2386333	2379755	6635	6579	92.74	943868	5295158	0.70	0.12	1	-1	seq02	seq1	
639138	644269	2378604	2373473	5132	5132	93.58	943868	5295158	0.54	0.10	1	-1	seq02	seq1	
646103	646589	2373451	2372964	487	488	89.55	943868	5295158	0.05	0.01	1	-1	seq02	seq1	
646767	652016	2372089	2366828	5250	5262	93.82	943868	5295158	0.56	0.10	1	-1	seq02	seq1	
652182	653244	2365813	2364752	1063	1062	95.01	943868	5295158	0.11	0.02	1	-1	seq02	seq1	
653287	655312	2364756	2362729	2026	2028	94.39	943868	5295158	0.21	0.04	1	-1	seq02	seq1	
657194	661411	2360551	2356317	4218	4235	94.69	943868	5295158	0.45	0.08	1	-1	seq02	seq1	
661527	666144	2355634	2351019	4618	4616	94.50	943868	5295158	0.49	0.09	1	-1	seq02	seq1	
667394	672963	2351021	2345445	5570	5577	93.16	943868	5295158	0.59	0.11	1	-1	seq02	seq1	
673312	673471	2345338	2345179	160	160	87.50	943868	5295158	0.02	0.00	1	-1	seq02	seq1	
675675	683889	2344835	2336619	8215	8217	93.87	943868	5295158	0.87	0.16	1	-1	seq02	seq1	
684223	684732	2335875	2335366	510	510	91.98	943868	5295158	0.05	0.01	1	-1	seq02	seq1	
685172	686003	2334893	2334062	832	832	89.56	943868	5295158	0.09	0.02	1	-1	seq02	seq1	
686632	694681	2333148	2325049	8050	8100	93.24	943868	5295158	0.85	0.15	1	-1	seq02	seq1	
694803	695221	2322947	2322529	419	419	92.84	943868	5295158	0.04	0.01	1	-1	seq02	seq1	
696149	696691	2322530	2321988	543	543	90.44	943868	5295158	0.06	0.01	1	-1	seq02	seq1	
696689	696911	2321411	2321189	223	223	94.62	943868	5295158	0.02	0.00	1	-1	seq02	seq1	
698008	698686	2321196	2320516	679	681	89.90	943868	5295158	0.07	0.01	1	-1	seq02	seq1	
698807	715630	2320213	2303310	16824	16904	93.52	943868	5295158	1.78	0.32	1	-1	seq02	seq1	
715806	722162	2302281	2295941	6357	6341	92.83	943868	5295158	0.67	0.12	1	-1	seq02	seq1	
722254	738798	2295525	2278974	16545	16552	93.69	943868	5295158	1.75	0.31	1	-1	seq02	seq1	
739317	744740	2277403	2271991	5424	5413	94.21	943868	5295158	0.57	0.10	1	-1	seq02	seq1	
745309	745969	2270909	2270243	661	667	88.66	943868	5295158	0.07	0.01	1	-1	seq02	seq1	
746055	753103	2269990	2262954	7049	7037	91.73	943868	5295158	0.75	0.13	1	-1	seq02	seq1	
754047	758875	2262942	2258107	4829	4836	93.28	943868	5295158	0.51	0.09	1	-1	seq02	seq1	
759106	760140	2256243	2255210	1035	1034	95.75	943868	5295158	0.11	0.02	1	-1	seq02	seq1	
760220	760649	2252356	2251927	430	430	90.93	943868	5295158	0.05	0.01	1	-1	seq02	seq1	
761682	768991	2247319	2240013	7310	7307	91.51	943868	5295158	0.77	0.14	1	-1	seq02	seq1	
769103	770829	2239913	2238168	1727	1746	87.56	943868	5295158	0.18	0.03	1	-1	seq02	seq1	
770824	775096	2237663	2233389	4273	4275	94.17	943868	5295158	0.45	0.08	1	-1	seq02	seq1	
775760	778143	2232683	2230300	2384	2384	94.60	943868	5295158	0.25	0.05	1	-1	seq02	seq1	
778154	780868	2229949	2227235	2715	2715	94.26	943868	5295158	0.29	0.05	1	-1	seq02	seq1	
781896	782434	2226605	2226062	539	544	88.28	943868	5295158	0.06	0.01	1	-1	seq02	seq1	
782976	784455	2225520	2224038	1480	1483	91.04	943868	5295158	0.16	0.03	1	-1	seq02	seq1	
784456	792787	2223126	2214799	8332	8328	93.91	943868	5295158	0.88	0.16	1	-1	seq02	seq1	
795043	798731	2214069	2210367	3689	3703	92.45	943868	5295158	0.39	0.07	1	-1	seq02	seq1	
799206	805892	2210351	2203662	6687	6690	92.70	943868	5295158	0.71	0.13	1	-1	seq02	seq1	
806509	807508	2202077	2201081	1000	997	95.10	943868	5295158	0.11	0.02	1	-1	seq02	seq1	
808353	813252	2196558	2191652	4900	4907	96.54	943868	5295158	0.52	0.09	1	-1	seq02	seq1	
813179	814565	2187575	2186191	1387	1385	95.29	943868	5295158	0.15	0.03	1	-1	seq02	seq1	
814638	820264	2185932	2180413	5627	5520	91.44	943868	5295158	0.60	0.10	1	-1	seq02	seq1	
820267	831967	2180307	2168568	11701	11740	94.94	943868	5295158	1.24	0.22	1	-1	seq02	seq1	
831970	835004	2168016	2164870	3035	3147	85.08	943868	5295158	0.32	0.06	1	-1	seq02	seq1	
837944	850031	2164489	2152405	12088	12085	94.47	943868	5295158	1.28	0.23	1	-1	seq02	seq1	
850258	850801	2150882	2150338	544	545	91.93	943868	5295158	0.06	0.01	1	-1	seq02	seq1	
851643	867498	2150187	2134297	15856	15891	94.30	943868	5295158	1.68	0.30	1	-1	seq02	seq1	
867548	869268	2131512	2129805	1721	1708	87.92	943868	5295158	0.18	0.03	1	-1	seq02	seq1	
869415	873974	2129643	2125075	4560	4569	91.91	943868	5295158	0.48	0.09	1	-1	seq02	seq1	
874051	882406	2124380	2116045	8356	8336	94.33	943868	5295158	0.89	0.16	1	-1	seq02	seq1	
891019	898037	2115896	2108904	7019	6993	92.70	943868	5295158	0.74	0.13	1	-1	seq02	seq1	
898114	901603	2108757	2105269	3490	3489	93.21	943868	5295158	0.37	0.07	1	-1	seq02	seq1	
901725	906506	2100922	2096076	4782	4847	90.44	943868	5295158	0.51	0.09	1	-1	seq02	seq1	
909552	910625	2094990	2093918	1074	1073	88.93	943868	5295158	0.11	0.02	1	-1	seq02	seq1	
914440	921237	2092755	2085950	6798	6806	93.08	943868	5295158	0.72	0.13	1	-1	seq02	seq1	
922607	934672	2085932	2073920	12066	12013	94.01	943868	5295158	1.28	0.23	1	-1	seq02	seq1	
935209	936367	2072863	2071705	1159	1159	91.39	943868	5295158	0.12	0.02	1	-1	seq02	seq1	
936617	942463	2070632	2064827	5847	5806	94.39	943868	5295158	0.62	0.11	1	-1	seq02	seq1	
942475	943136	2064438	2063777	662	662	93.05	943868	5295158	0.07	0.01	1	-1	seq02	seq1	
875	1220	324071	323726	346	346	89.34	601617	402605	0.06	0.09	1	-1	seq03	seq2	
33035	42096	1451463	1460523	9062	9061	95.32	601617	5295158	1.51	0.17	1	1	seq03	seq1	
43402	59047	1460524	1476161	15646	15638	96.33	601617	5295158	2.60	0.30	1	1	seq03	seq1	
59093	64738	1480870	1486503	5646	5634	93.61	601617	5295158	0.94	0.11	1	1	seq03	seq1	
66119	68007	1488280	1490159	1889	1880	82.35	601617	5295158	0.31	0.04	1	1	seq03	seq1	
69045	82538	1491181	1504754	13494	13574	93.47	601617	5295158	2.24	0.26	1	1	seq03	seq1	
82607	91010	1505322	1513724	8404	8403	93.37	601617	5295158	1.40	0.16	1	1	seq03	seq1	
91615	93895	1513829	1516042	2281	2214	90.03	601617	5295158	0.38	0.04	1	1	seq03	seq1	
93900	95367	1516191	1517658	1468	1468	92.18	601617	5295158	0.24	0.03	1	1	seq03	seq1	
95361	103575	1519982	1528196	8215	8215	92.79	601617	5295158	1.37	0.16	1	1	seq03	seq1	
103574	127645	1529168	1553243	24072	24076	96.25	601617	5295158	4.00	0.45	1	1	seq03	seq1	
127644	133263	1554837	1560459	5620	5623	94.24	601617	5295158	0.93	0.11	1	1	seq03	seq1	
134720	136759	1560454	1562487	2040	2034	84.13	601617	5295158	0.34	0.04	1	1	seq03	seq1	
136835	138495	1567888	1569548	1661	1661	92.60	601617	5295158	0.28	0.03	1	1	seq03	seq1	
138477	144414	1569946	1575883	5938	5938	96.20	601617	5295158	0.99	0.11	1	1	seq03	seq1	
144498	148354	1577850	1581704	3857	3855	92.43	601617	5295158	0.64	0.07	1	1	seq03	seq1	
148354	164340	1581857	1597859	15987	16003	94.16	601617	5295158	2.66	0.30	1	1	seq03	seq1	
164333	179115	1598004	1612790	14783	14787	93.10	601617	5295158	2.46	0.28	1	1	seq03	seq1	
179091	179773	1613162	1613844	683	683	93.41	601617	5295158	0.11	0.01	1	1	seq03	seq1	
179763	181069	1614230	1615536	1307	1307	90.97	601617	5295158	0.22	0.02	1	1	seq03	seq1	
181111	186325	1617009	1622222	5215	5214	94.88	601617	5295158	0.87	0.10	1	1	seq03	seq1	
186437	190027	1622598	1626191	3591	3594	94.99	601617	5295158	0.60	0.07	1	1	seq03	seq1	
190178	191077	1628897	1629796	900	900	92.78	601617	5295158	0.15	0.02	1	1	seq03	seq1	
190592	191184	1632711	1633303	593	593	87.73	601617	5295158	0.10	0.01	1	1	seq03	seq1	
191176	196036	1633914	1638767	4861	4854	93.48	601617	5295158	0.81	0.09	1	1	seq03	seq1	
204574	205150	1648503	1649079	577	577	97.23	601617	5295158	0.10	0.01	1	1	seq03	seq1	
205173	209317	1651662	1655808	4145	4147	92.77	601617	5295158	0.69	0.08	1	1	seq03	seq1	
210934	214095	1657561	1660721	3162	3161	93.96	601617	5295158	0.53	0.06	1	1	seq03	seq1	
214222	216060	1660879	1662717	1839	1839	92.45	601617	5295158	0.31	0.03	1	1	seq03	seq1	
218253	224769	1662725	1669322	6517	6598	92.84	601617	5295158	1.08	0.12	1	1	seq03	seq1	
224812	229449	1674847	1679471	4638	4625	94.07	601617	5295158	0.77	0.09	1	1	seq03	seq1	
230157	237326	1680430	1687588	7170	7159	92.37	601617	5295158	1.19	0.14	1	1	seq03	seq1	
237390	238514	1688786	1689920	1125	1135	89.16	601617	5295158	0.19	0.02	1	1	seq03	seq1	
238716	239866	1690143	1691284	1151	1142	91.07	601617	5295158	0.19	0.02	1	1	seq03	seq1	
241122	245899	1691290	1696081	4778	4792	93.14	601617	5295158	0.79	0.09	1	1	seq03	seq1	
247733	250771	1696141	1699168	3039	3028	94.80	601617	5295158	0.51	0.06	1	1	seq03	seq1	
252982	255146	1699881	1702040	2165	2160	92.34	601617	5295158	0.36	0.04	1	1	seq03	seq1	
255371	258229	1702216	1705073	2859	2858	96.05	601617	5295158	0.48	0.05	1	1	seq03	seq1	
258292	261871	1707328	1710905	3580	3578	95.56	601617	5295158	0.60	0.07	1	1	seq03	seq1	
261868	266093	1711636	1715860	4226	4225	93.05	601617	5295158	0.70	0.08	1	1	seq03	seq1	
266864	268141	1715866	1717175	1278	1310	88.43	601617	5295158	0.21	0.02	1	1	seq03	seq1	
268142	276365	1717321	1725637	8224	8317	90.34	601617	5295158	1.37	0.16	1	1	seq03	seq1	
278766	281776	1726439	1729489	3011	3051	91.27	601617	5295158	0.50	0.06	1	1	seq03	seq1	
281713	291595	1729612	1739520	9883	9909	95.75	601617	5295158	1.64	0.19	1	1	seq03	seq1	
291594	297422	1740272	1746010	5829	5739	90.68	601617	5295158	0.97	0.11	1	1	seq03	seq1	
297622	298079	1746613	1747070	458	458	92.36	601617	5295158	0.08	0.01	1	1	seq03	seq1	
302059	304033	1747093	1749068	1975	1976	93.67	601617	5295158	0.33	0.04	1	1	seq03	seq1	
304685	305573	1749066	1749960	889	895	90.52	601617	5295158	0.15	0.02	1	1	seq03	seq1	
305649	309612	1749791	1753755	3964	3965	93.79	601617	5295158	0.66	0.07	1	1	seq03	seq1	
310192	310998	1754862	1755626	807	765	89.22	601617	5295158	0.13	0.01	1	1	seq03	seq1	
315769	316632	1755851	1756712	864	862	93.76	601617	5295158	0.14	0.02	1	1	seq03	seq1	
322680	323904	1756913	1758130	1225	1218	92.44	601617	5295158	0.20	0.02	1	1	seq03	seq1	
326156	336789	1758251	1768944	10634	10694	92.64	601617	5295158	1.77	0.20	1	1	seq03	seq1	
336930	339294	1768949	1771313	2365	2365	92.44	601617	5295158	0.39	0.04	1	1	seq03	seq1	
339447	343936	1777234	1781766	4490	4533	94.91	601617	5295158	0.75	0.09	1	1	seq03	seq1	
344445	347273	1781756	1784581	2829	2826	92.76	601617	5295158	0.47	0.05	1	1	seq03	seq1	
347333	349826	1789850	1792342	2494	2493	94.03	601617	5295158	0.41	0.05	1	1	seq03	seq1	
351085	356685	1792809	1798408	5601	5600	95.15	601617	5295158	0.93	0.11	1	1	seq03	seq1	
357962	359547	1798735	1800320	1586	1586	95.34	601617	5295158	0.26	0.03	1	1	seq03	seq1	
359909	364891	1800317	1805294	4983	4978	93.39	601617	5295158	0.83	0.09	1	1	seq03	seq1	
365059	366125	1805350	1806416	1067	1067	91.01	601617	5295158	0.18	0.02	1	1	seq03	seq1	
366121	371407	1806562	1811851	5287	5290	94.75	601617	5295158	0.88	0.10	1	1	seq03	seq1	
371431	377771	1813611	1819951	6341	6341	92.76	601617	5295158	1.05	0.12	1	1	seq03	seq1	
378951	381296	1820938	1823284	2346	2347	93.57	601617	5295158	0.39	0.04	1	1	seq03	seq1	
381491	407212	1828649	1854454	25722	25806	93.98	601617	5295158	4.28	0.49	1	1	seq03	seq1	
407358	408743	1854867	1856252	1386	1386	95.53	601617	5295158	0.23	0.03	1	1	seq03	seq1	
410008	411172	1859298	1860460	1165	1163	94.94	601617	5295158	0.19	0.02	1	1	seq03	seq1	
411449	412783	1860697	1862055	1335	1359	91.03	601617	5295158	0.22	0.03	1	1	seq03	seq1	
412936	418419	1863094	1868632	5484	5539	91.02	601617	5295158	0.91	0.10	1	1	seq03	seq1	
420410	421929	1874375	1875893	1520	1519	95.66	601617	5295158	0.25	0.03	1	1	seq03	seq1	
424099	427846	1875875	1879625	3748	3751	93.82	601617	5295158	0.62	0.07	1	1	seq03	seq1	
454295	454557	216481	216219	263	263	84.91	601617	402605	0.04	0.07	1	-1	seq03	seq2	
454565	457063	215872	213376	2499	2497	94.77	601617	402605	0.42	0.62	1	-1	seq03	seq2	
471319	473330	1880704	1882712	2012	2009	92.66	601617	5295158	0.33	0.04	1	1	seq03	seq1	
479024	480141	1883266	1884382	1118	1117	93.11	601617	5295158	0.19	0.02	1	1	seq03	seq1	
482684	491975	1884379	1893624	9292	9246	93.18	601617	5295158	1.54	0.17	1	1	seq03	seq1	
498866	498958	1896246	1896338	93	93	98.92	601617	5295158	0.02	0.00	1	1	seq03	seq1	
498954	505430	1896486	1902958	6477	6473	93.34	601617	5295158	1.08	0.12	1	1	seq03	seq1	
505564	511889	1903056	1909391	6326	6336	91.48	601617	5295158	1.05	0.12	1	1	seq03	seq1	
512075	512582	92286	91783	508	504	88.58	601617	402605	0.08	0.13	1	-1	seq03	seq2	
512741	519085	1910587	1916944	6345	6358	93.20	601617	5295158	1.05	0.12	1	1	seq03	seq1	
520601	520932	1919142	1919473	332	332	93.37	601617	5295158	0.06	0.01	1	1	seq03	seq1	
521379	521565	1919607	1919793	187	187	96.79	601617	5295158	0.03	0.00	1	1	seq03	seq1	
528457	532783	1920715	1925043	4327	4329	93.53	601617	5295158	0.72	0.08	1	1	seq03	seq1	
532803	534181	1926153	1927533	1379	1381	93.78	601617	5295158	0.23	0.03	1	1	seq03	seq1	
539292	542654	1937270	1940620	3363	3351	89.34	601617	5295158	0.56	0.06	1	1	seq03	seq1	
543364	545115	1940665	1942408	1752	1744	84.66	601617	5295158	0.29	0.03	1	1	seq03	seq1	
548495	549532	1948808	1949845	1038	1038	91.04	601617	5295158	0.17	0.02	1	1	seq03	seq1	
549566	551339	1957504	1959268	1774	1765	92.48	601617	5295158	0.29	0.03	1	1	seq03	seq1	
551723	557532	1963987	1969760	5810	5774	91.05	601617	5295158	0.97	0.11	1	1	seq03	seq1	
557684	561017	1974947	1978299	3334	3353	91.16	601617	5295158	0.55	0.06	1	1	seq03	seq1	
561090	564677	1980782	1984305	3588	3524	93.75	601617	5295158	0.60	0.07	1	1	seq03	seq1	
564673	572081	1984404	1991864	7409	7461	93.76	601617	5295158	1.23	0.14	1	1	seq03	seq1	
574345	580370	1992075	1998095	6026	6021	96.96	601617	5295158	1.00	0.11	1	1	seq03	seq1	
580569	589345	1998112	2006893	8777	8782	96.36	601617	5295158	1.46	0.17	1	1	seq03	seq1	
589345	591014	2007064	2008735	1670	1672	97.19	601617	5295158	0.28	0.03	1	1	seq03	seq1	
594172	595125	2008953	2009894	954	942	94.13	601617	5295158	0.16	0.02	1	1	seq03	seq1	
596823	599193	2009902	2012272	2371	2371	96.67	601617	5295158	0.39	0.04	1	1	seq03	seq1	
599038	599537	2029126	2029625	500	500	94.41	601617	5295158	0.08	0.01	1	1	seq03	seq1	
599636	601617	2029768	2031750	1982	1983	97.18	601617	5295158	0.33	0.04	1	1	seq03	seq1	
1	30322	4987345	5017674	30322	30330	97.19	580474	5295158	5.22	0.57	1	1	seq04	seq1	
30441	37941	5017671	5025171	7501	7501	97.21	580474	5295158	1.29	0.14	1	1	seq04	seq1	
38033	115513	5025870	5103573	77481	77704	94.89	580474	5295158	13.35	1.47	1	1	seq04	seq1	
116233	124800	5103627	5112200	8568	8574	95.91	580474	5295158	1.48	0.16	1	1	seq04	seq1	
125019	131732	5112232	5118924	6714	6693	95.76	580474	5295158	1.16	0.13	1	1	seq04	seq1	
131822	137047	5119136	5124361	5226	5226	96.25	580474	5295158	0.90	0.10	1	1	seq04	seq1	
137269	139425	5124405	5126562	2157	2158	89.50	580474	5295158	0.37	0.04	1	1	seq04	seq1	
139387	141299	5137280	5139185	1913	1906	93.07	580474	5295158	0.33	0.04	1	1	seq04	seq1	
149899	155159	5139182	5144460	5261	5279	91.20	580474	5295158	0.91	0.10	1	1	seq04	seq1	
155809	176168	5145173	5165544	20360	20372	96.50	580474	5295158	3.51	0.38	1	1	seq04	seq1	
176258	178013	5165732	5167539	1756	1808	95.13	580474	5295158	0.30	0.03	1	1	seq04	seq1	
177895	179291	5167669	5169065	1397	1397	97.49	580474	5295158	0.24	0.03	1	1	seq04	seq1	
179291	185257	5169190	5175161	5967	5972	96.30	580474	5295158	1.03	0.11	1	1	seq04	seq1	
185120	197558	5175147	5187664	12439	12518	97.35	580474	5295158	2.14	0.24	1	1	seq04	seq1	
197553	205504	5187902	5195869	7952	7968	93.57	580474	5295158	1.37	0.15	1	1	seq04	seq1	
205259	214579	5195822	5205132	9321	9311	94.87	580474	5295158	1.61	0.18	1	1	seq04	seq1	
214737	218338	5205138	5208740	3602	3603	97.53	580474	5295158	0.62	0.07	1	1	seq04	seq1	
218376	222549	5210521	5214690	4174	4170	94.61	580474	5295158	0.72	0.08	1	1	seq04	seq1	
223261	224909	5214769	5216417	1649	1649	98.48	580474	5295158	0.28	0.03	1	1	seq04	seq1	
241145	241870	5228510	5229234	726	725	93.41	580474	5295158	0.13	0.01	1	1	seq04	seq1	
242819	243729	5229358	5230268	911	911	93.42	580474	5295158	0.16	0.02	1	1	seq04	seq1	
243894	250418	5231402	5237922	6525	6521	96.25	580474	5295158	1.12	0.12	1	1	seq04	seq1	
251345	251542	5237912	5238112	198	201	91.54	580474	5295158	0.03	0.00	1	1	seq04	seq1	
251544	253556	5239641	5241653	2013	2013	95.68	580474	5295158	0.35	0.04	1	1	seq04	seq1	
253759	254938	5241856	5243049	1180	1194	85.12	580474	5295158	0.20	0.02	1	1	seq04	seq1	
255449	263184	5244251	5252023	7736	7773	95.12	580474	5295158	1.33	0.15	1	1	seq04	seq1	
265097	271113	5253939	5259949	6017	6011	91.84	580474	5295158	1.04	0.11	1	1	seq04	seq1	
271116	290171	5260059	5279087	19056	19029	95.60	580474	5295158	3.28	0.36	1	1	seq04	seq1	
292069	297955	5279085	5284971	5887	5887	95.58	580474	5295158	1.01	0.11	1	1	seq04	seq1	
297963	307941	5285079	5295158	9979	10080	94.12	580474	5295158	1.72	0.19	1	1	seq04	seq1	
1	4308	3653337	3649032	4308	4306	97.66	381762	5295158	1.13	0.08	1	-1	seq05	seq1	
5414	5773	3649028	3648669	360	360	97.50	381762	5295158	0.09	0.01	1	-1	seq05	seq1	
5774	32666	3648292	3621409	26893	26884	94.48	381762	5295158	7.04	0.51	1	-1	seq05	seq1	
32671	32922	3621256	3621006	252	251	92.89	381762	5295158	0.07	0.00	1	-1	seq05	seq1	
33019	94648	3621009	3559244	61630	61766	95.03	381762	5295158	16.14	1.17	1	-1	seq05	seq1	
94674	120254	3558786	3533254	25581	25533	94.82	381762	5295158	6.70	0.48	1	-1	seq05	seq1	
120416	176196	3533229	3477498	55781	55732	95.39	381762	5295158	14.61	1.05	1	-1	seq05	seq1	
176379	194041	3477315	3459600	17663	17716	95.67	381762	5295158	4.63	0.33	1	-1	seq05	seq1	
195428	206423	3459553	3448620	10996	10934	95.02	381762	5295158	2.88	0.21	1	-1	seq05	seq1	
206544	211747	3448620	3443477	5204	5144	94.28	381762	5295158	1.36	0.10	1	-1	seq05	seq1	
211747	268436	3443324	3386625	56690	56700	92.67	381762	5295158	14.85	1.07	1	-1	seq05	seq1	
268542	278625	3386510	3376364	10084	10147	89.58	381762	5295158	2.64	0.19	1	-1	seq05	seq1	
279817	289213	3375115	3365704	9397	9412	92.09	381762	5295158	2.46	0.18	1	-1	seq05	seq1	
290075	292504	3364926	3362536	2430	2391	90.29	381762	5295158	0.64	0.05	1	-1	seq05	seq1	
292761	293713	3362355	3361404	953	952	88.58	381762	5295158	0.25	0.02	1	-1	seq05	seq1	
305661	305883	3359955	3359733	223	223	86.22	381762	5295158	0.06	0.00	1	-1	seq05	seq1	
306111	319642	3359244	3345718	13532	13527	95.19	381762	5295158	3.54	0.26	1	-1	seq05	seq1	
320713	322005	3344123	3342830	1293	1294	91.81	381762	5295158	0.34	0.02	1	-1	seq05	seq1	
322161	325053	3333999	3331107	2893	2893	94.44	381762	5295158	0.76	0.05	1	-1	seq05	seq1	
325065	342892	3330067	3312259	17828	17809	94.63	381762	5295158	4.67	0.34	1	-1	seq05	seq1	
343663	353948	3311443	3301088	10286	10356	93.02	381762	5295158	2.69	0.20	1	-1	seq05	seq1	
353947	354521	3300006	3299432	575	575	94.79	381762	5295158	0.15	0.01	1	-1	seq05	seq1	
354520	359078	3298416	3293784	4559	4633	93.17	381762	5295158	1.19	0.09	1	-1	seq05	seq1	
359073	363987	3293636	3288722	4915	4915	95.22	381762	5295158	1.29	0.09	1	-1	seq05	seq1	
363985	364680	3287379	3286684	696	696	96.26	381762	5295158	0.18	0.01	1	-1	seq05	seq1	
366583	367955	3286686	3285316	1373	1371	91.99	381762	5295158	0.36	0.03	1	-1	seq05	seq1	
367967	377686	3284880	3275161	9720	9720	92.91	381762	5295158	2.55	0.18	1	-1	seq05	seq1	
377773	381762	3274087	3270096	3990	3992	93.60	381762	5295158	1.05	0.08	1	-1	seq05	seq1	
1709	4134	3974571	3972144	2426	2428	94.90	328511	5295158	0.74	0.05	1	-1	seq06	seq1	
4165	4606	92277	92712	442	436	85.49	328511	402605	0.13	0.11	1	1	seq06	seq2	
4610	5779	3972000	3970844	1170	1157	94.11	328511	5295158	0.36	0.02	1	-1	seq06	seq1	
5027	5843	93257	94080	817	824	89.82	328511	402605	0.25	0.20	1	1	seq06	seq2	
6155	8121	3970842	3968867	1967	1976	93.98	328511	5295158	0.60	0.04	1	-1	seq06	seq1	
8171	9205	3968037	3967003	1035	1035	95.17	328511	5295158	0.32	0.02	1	-1	seq06	seq1	
9561	22555	3965436	3952444	12995	12993	94.63	328511	5295158	3.96	0.25	1	-1	seq06	seq1	
22659	23697	3949501	3948464	1039	1038	93.36	328511	5295158	0.32	0.02	1	-1	seq06	seq1	
23779	24760	3947327	3946346	982	982	98.07	328511	5295158	0.30	0.02	1	-1	seq06	seq1	
24760	26653	3946221	3944328	1894	1894	95.04	328511	5295158	0.58	0.04	1	-1	seq06	seq1	
28567	31934	3944329	3940962	3368	3368	94.69	328511	5295158	1.03	0.06	1	-1	seq06	seq1	
34051	36353	3939021	3936741	2303	2281	92.97	328511	5295158	0.70	0.04	1	-1	seq06	seq1	
37798	40301	3936128	3933626	2504	2503	94.25	328511	5295158	0.76	0.05	1	-1	seq06	seq1	
40800	46363	3933636	3928091	5564	5546	96.50	328511	5295158	1.69	0.10	1	-1	seq06	seq1	
46363	49648	3927939	3924656	3286	3284	95.13	328511	5295158	1.00	0.06	1	-1	seq06	seq1	
54056	67563	3924526	3910969	13508	13558	95.47	328511	5295158	4.11	0.26	1	-1	seq06	seq1	
68274	68424	3910950	3910801	151	150	92.72	328511	5295158	0.05	0.00	1	-1	seq06	seq1	
69607	70933	3910302	3908971	1327	1332	93.77	328511	5295158	0.40	0.03	1	-1	seq06	seq1	
72767	85790	3908982	3895996	13024	12987	94.74	328511	5295158	3.96	0.25	1	-1	seq06	seq1	
85929	87260	3895905	3894494	1332	1412	86.27	328511	5295158	0.41	0.03	1	-1	seq06	seq1	
89682	93986	3894492	3890060	4305	4433	92.04	328511	5295158	1.31	0.08	1	-1	seq06	seq1	
94464	101133	3890024	3883414	6670	6611	94.29	328511	5295158	2.03	0.12	1	-1	seq06	seq1	
113329	113636	3881886	3881584	308	303	94.82	328511	5295158	0.09	0.01	1	-1	seq06	seq1	
113631	116307	3880484	3877799	2677	2686	93.15	328511	5295158	0.81	0.05	1	-1	seq06	seq1	
116306	119968	3875912	3872224	3663	3689	92.85	328511	5295158	1.12	0.07	1	-1	seq06	seq1	
120103	125856	3872211	3866449	5754	5763	94.66	328511	5295158	1.75	0.11	1	-1	seq06	seq1	
127958	136316	3866331	3857978	8359	8354	96.33	328511	5295158	2.54	0.16	1	-1	seq06	seq1	
136628	137711	3857190	3856108	1084	1083	91.98	328511	5295158	0.33	0.02	1	-1	seq06	seq1	
137823	146861	3855549	3846511	9039	9039	95.40	328511	5295158	2.75	0.17	1	-1	seq06	seq1	
146863	160839	3846409	3832433	13977	13977	94.54	328511	5295158	4.25	0.26	1	-1	seq06	seq1	
160917	162515	3831961	3830348	1599	1614	82.69	328511	5295158	0.49	0.03	1	-1	seq06	seq1	
162749	164438	3830199	3828510	1690	1690	96.33	328511	5295158	0.51	0.03	1	-1	seq06	seq1	
164549	171706	3818142	3810979	7158	7164	94.64	328511	5295158	2.18	0.14	1	-1	seq06	seq1	
171703	178355	3810511	3803863	6653	6649	97.25	328511	5295158	2.03	0.13	1	-1	seq06	seq1	
178573	210416	3803709	3771813	31844	31897	96.03	328511	5295158	9.69	0.60	1	-1	seq06	seq1	
210237	226630	3772127	3755735	16394	16393	94.91	328511	5295158	4.99	0.31	1	-1	seq06	seq1	
226733	226952	3754380	3754166	220	215	87.73	328511	5295158	0.07	0.00	1	-1	seq06	seq1	
226948	241276	3754018	3739747	14329	14272	92.83	328511	5295158	4.36	0.27	1	-1	seq06	seq1	
241408	244672	3738672	3735416	3265	3257	92.47	328511	5295158	0.99	0.06	1	-1	seq06	seq1	
244668	256966	3734738	3722448	12299	12291	95.28	328511	5295158	3.74	0.23	1	-1	seq06	seq1	
259605	260187	3721076	3720494	583	583	86.86	328511	5295158	0.18	0.01	1	-1	seq06	seq1	
261382	265475	3720413	3716324	4094	4090	96.19	328511	5295158	1.25	0.08	1	-1	seq06	seq1	
265693	328447	3716096	3653334	62755	62763	95.57	328511	5295158	19.10	1.19	1	-1	seq06	seq1	
1	35283	4480062	4515371	35283	35310	95.35	238318	5295158	14.81	0.67	1	1	seq07	seq1	
35276	37876	4516427	4519030	2601	2604	92.78	238318	5295158	1.09	0.05	1	1	seq07	seq1	
38051	47854	4519214	4529085	9804	9872	94.66	238318	5295158	4.11	0.19	1	1	seq07	seq1	
70680	71346	379797	380463	667	667	84.90	238318	402605	0.28	0.17	1	1	seq07	seq2	
72070	72166	381640	381736	97	97	97.94	238318	402605	0.04	0.02	1	1	seq07	seq2	
85558	99253	4529061	4542804	13696	13744	96.38	238318	5295158	5.75	0.26	1	1	seq07	seq1	
99249	109393	4542950	4553123	10145	10174	95.76	238318	5295158	4.26	0.19	1	1	seq07	seq1	
109385	116764	4553271	4560642	7380	7372	95.01	238318	5295158	3.10	0.14	1	1	seq07	seq1	
116366	130344	4560484	4574538	13979	14055	93.53	238318	5295158	5.87	0.27	1	1	seq07	seq1	
130338	130491	4574630	4574783	154	154	97.40	238318	5295158	0.06	0.00	1	1	seq07	seq1	
130496	142448	4575545	4587555	11953	12011	94.86	238318	5295158	5.02	0.23	1	1	seq07	seq1	
143524	149003	4588721	4594235	5480	5515	96.08	238318	5295158	2.30	0.10	1	1	seq07	seq1	
149027	150438	4595632	4597043	1412	1412	92.63	238318	5295158	0.59	0.03	1	1	seq07	seq1	
152365	185324	4597079	4629980	32960	32902	94.84	238318	5295158	13.83	0.62	1	1	seq07	seq1	
185514	186862	4630031	4631379	1349	1349	95.11	238318	5295158	0.57	0.03	1	1	seq07	seq1	
187925	225726	4633609	4671487	37802	37879	96.40	238318	5295158	15.86	0.72	1	1	seq07	seq1	
225732	238318	4671794	4684424	12587	12631	96.58	238318	5295158	5.28	0.24	1	1	seq07	seq1	
357	1239	3976834	3977716	883	883	94.93	226606	5295158	0.39	0.02	1	1	seq08	seq1	
2798	7081	3977956	3982251	4284	4296	94.83	226606	5295158	1.89	0.08	1	1	seq08	seq1	
7214	9876	3982259	3984897	2663	2639	92.46	226606	5295158	1.18	0.05	1	1	seq08	seq1	
10541	11052	3984993	3985509	512	517	86.87	226606	5295158	0.23	0.01	1	1	seq08	seq1	
14282	15865	3985842	3987426	1584	1585	94.70	226606	5295158	0.70	0.03	1	1	seq08	seq1	
17439	22572	3987440	3992585	5134	5146	91.77	226606	5295158	2.27	0.10	1	1	seq08	seq1	
22806	24475	3998621	4000288	1670	1668	94.37	226606	5295158	0.74	0.03	1	1	seq08	seq1	
25924	28671	4001946	4004688	2748	2743	92.66	226606	5295158	1.21	0.05	1	1	seq08	seq1	
36834	41650	4025559	4030373	4817	4815	92.86	226606	5295158	2.13	0.09	1	1	seq08	seq1	
51666	52527	250453	249591	862	863	94.44	226606	402605	0.38	0.21	1	-1	seq08	seq2	
54743	62177	4053678	4061156	7435	7479	93.80	226606	5295158	3.28	0.14	1	1	seq08	seq1	
62161	64716	4061331	4063895	2556	2565	96.57	226606	5295158	1.13	0.05	1	1	seq08	seq1	
67414	74333	4063978	4070906	6920	6929	91.82	226606	5295158	3.05	0.13	1	1	seq08	seq1	
74444	74719	4071023	4071301	276	279	83.99	226606	5295158	0.12	0.01	1	1	seq08	seq1	
74844	75709	4071441	4072297	866	857	86.91	226606	5295158	0.38	0.02	1	1	seq08	seq1	
75916	83704	4072504	4080282	7789	7779	95.92	226606	5295158	3.44	0.15	1	1	seq08	seq1	
83694	84322	4080449	4081078	629	630	95.71	226606	5295158	0.28	0.01	1	1	seq08	seq1	
84317	86573	4081793	4084048	2257	2256	94.15	226606	5295158	1.00	0.04	1	1	seq08	seq1	
86602	92833	4090090	4096255	6232	6166	93.57	226606	5295158	2.75	0.12	1	1	seq08	seq1	
92798	93277	4097306	4097785	480	480	96.04	226606	5295158	0.21	0.01	1	1	seq08	seq1	
93086	95175	4098680	4100765	2090	2086	90.60	226606	5295158	0.92	0.04	1	1	seq08	seq1	
95311	106055	4100799	4111537	10745	10739	95.63	226606	5295158	4.74	0.20	1	1	seq08	seq1	
106123	120451	4111673	4126000	14329	14328	95.47	226606	5295158	6.32	0.27	1	1	seq08	seq1	
122440	123275	4126053	4126891	836	839	91.67	226606	5295158	0.37	0.02	1	1	seq08	seq1	
126304	128305	4127158	4129106	2002	1949	91.22	226606	5295158	0.88	0.04	1	1	seq08	seq1	
128301	131454	4140396	4143574	3154	3179	93.90	226606	5295158	1.39	0.06	1	1	seq08	seq1	
131458	146108	4144970	4159610	14651	14641	93.55	226606	5295158	6.47	0.28	1	1	seq08	seq1	
147359	153584	4160808	4167040	6226	6233	91.75	226606	5295158	2.75	0.12	1	1	seq08	seq1	
153582	161270	4169096	4176906	7689	7811	93.18	226606	5295158	3.39	0.15	1	1	seq08	seq1	
161492	176600	4177010	4192170	15109	15161	94.90	226606	5295158	6.67	0.29	1	1	seq08	seq1	
176845	181131	4193072	4197358	4287	4287	92.27	226606	5295158	1.89	0.08	1	1	seq08	seq1	
183168	193514	4199057	4209441	10347	10385	93.30	226606	5295158	4.57	0.20	1	1	seq08	seq1	
198533	202113	4209442	4213024	3581	3583	95.84	226606	5295158	1.58	0.07	1	1	seq08	seq1	
202497	226606	4218404	4242511	24110	24108	94.61	226606	5295158	10.64	0.46	1	1	seq08	seq1	
226481	226606	4475294	4475419	126	126	97.62	226606	5295158	0.06	0.00	1	1	seq08	seq1	
60	17214	3032497	3049677	17155	17181	94.96	218264	5295158	7.86	0.32	1	1	seq09	seq1	
17370	18798	3049680	3051108	1429	1429	94.76	218264	5295158	0.65	0.03	1	1	seq09	seq1	
18722	28048	3052791	3062131	9327	9341	94.57	218264	5295158	4.27	0.18	1	1	seq09	seq1	
28042	52548	3063549	3088094	24507	24546	94.69	218264	5295158	11.23	0.46	1	1	seq09	seq1	
52695	56452	3088246	3091998	3758	3753	92.24	218264	5295158	1.72	0.07	1	1	seq09	seq1	
56454	57510	3092583	3093637	1057	1055	95.65	218264	5295158	0.48	0.02	1	1	seq09	seq1	
58219	66515	3099386	3107766	8297	8381	93.27	218264	5295158	3.80	0.16	1	1	seq09	seq1	
66515	68919	3107862	3110325	2405	2464	91.56	218264	5295158	1.10	0.05	1	1	seq09	seq1	
69114	75001	3116047	3121934	5888	5888	95.77	218264	5295158	2.70	0.11	1	1	seq09	seq1	
75141	77327	3122062	3124234	2187	2173	92.74	218264	5295158	1.00	0.04	1	1	seq09	seq1	
77628	84317	3124365	3131087	6690	6723	93.93	218264	5295158	3.07	0.13	1	1	seq09	seq1	
84409	88017	3133080	3136691	3609	3612	95.16	218264	5295158	1.65	0.07	1	1	seq09	seq1	
88197	89287	47148	48242	1091	1095	83.03	218264	402605	0.50	0.27	1	1	seq09	seq2	
89384	94205	3136727	3141546	4822	4820	92.08	218264	5295158	2.21	0.09	1	1	seq09	seq1	
96209	96865	3142574	3143230	657	657	97.72	218264	5295158	0.30	0.01	1	1	seq09	seq1	
96861	100031	3143378	3146547	3171	3170	94.58	218264	5295158	1.45	0.06	1	1	seq09	seq1	
101122	109369	3146593	3154825	8248	8233	94.48	218264	5295158	3.78	0.16	1	1	seq09	seq1	
109508	112515	3166970	3169978	3008	3009	93.30	218264	5295158	1.38	0.06	1	1	seq09	seq1	
115027	121717	3170060	3176760	6691	6701	92.47	218264	5295158	3.07	0.13	1	1	seq09	seq1	
121737	126884	3177564	3182711	5148	5148	95.30	218264	5295158	2.36	0.10	1	1	seq09	seq1	
127060	143609	3185263	3201814	16550	16552	93.48	218264	5295158	7.58	0.31	1	1	seq09	seq1	
148929	150711	3201806	3203600	1783	1795	92.20	218264	5295158	0.82	0.03	1	1	seq09	seq1	
151116	152612	217971	219467	1497	1497	91.07	218264	402605	0.69	0.37	1	1	seq09	seq2	
152706	154987	3203622	3205903	2282	2282	95.01	218264	5295158	1.05	0.04	1	1	seq09	seq1	
155126	157473	3206079	3208426	2348	2348	93.83	218264	5295158	1.08	0.04	1	1	seq09	seq1	
157802	172093	3209819	3224136	14292	14318	92.85	218264	5295158	6.55	0.27	1	1	seq09	seq1	
173022	174325	3224151	3225459	1304	1309	88.45	218264	5295158	0.60	0.02	1	1	seq09	seq1	
176493	183220	3226331	3233026	6728	6696	93.31	218264	5295158	3.08	0.13	1	1	seq09	seq1	
183222	192325	3233182	3242263	9104	9082	93.54	218264	5295158	4.17	0.17	1	1	seq09	seq1	
192344	193696	3244270	3245621	1353	1352	90.84	218264	5295158	0.62	0.03	1	1	seq09	seq1	
193824	194704	3245720	3246600	881	881	90.58	218264	5295158	0.40	0.02	1	1	seq09	seq1	
196331	198480	3246748	3248897	2150	2150	90.63	218264	5295158	0.99	0.04	1	1	seq09	seq1	
198598	200456	3249522	3251404	1859	1883	87.54	218264	5295158	0.85	0.04	1	1	seq09	seq1	
201106	207217	3252051	3258198	6112	6148	92.51	218264	5295158	2.80	0.12	1	1	seq09	seq1	
207339	207971	3258198	3258828	633	631	89.61	218264	5295158	0.29	0.01	1	1	seq09	seq1	
208090	208524	3258935	3259360	435	426	83.52	218264	5295158	0.20	0.01	1	1	seq09	seq1	
208668	218264	3259361	3268962	9597	9602	95.62	218264	5295158	4.40	0.18	1	1	seq09	seq1	
1	11266	4475624	4464344	11266	11281	95.98	204641	5295158	5.51	0.21	1	-1	seq10	seq1	
11264	15114	4464196	4460357	3851	3840	95.85	204641	5295158	1.88	0.07	1	-1	seq10	seq1	
15171	15347	4441450	4441274	177	177	91.06	204641	5295158	0.09	0.00	1	-1	seq10	seq1	
18350	34018	4438695	4422934	15669	15762	95.14	204641	5295158	7.66	0.30	1	-1	seq10	seq1	
34020	35149	4422785	4421653	1130	1133	95.94	204641	5295158	0.55	0.02	1	-1	seq10	seq1	
40420	75506	4421604	4386546	35087	35059	94.78	204641	5295158	17.15	0.66	1	-1	seq10	seq1	
76377	85770	4385675	4376348	9394	9328	93.31	204641	5295158	4.59	0.18	1	-1	seq10	seq1	
85757	99397	4376071	4362359	13641	13713	95.04	204641	5295158	6.67	0.26	1	-1	seq10	seq1	
99392	116792	4361777	4344466	17401	17312	94.47	204641	5295158	8.50	0.33	1	-1	seq10	seq1	
117516	132992	4336108	4320585	15477	15524	92.45	204641	5295158	7.56	0.29	1	-1	seq10	seq1	
133119	135551	4320160	4317731	2433	2430	94.05	204641	5295158	1.19	0.05	1	-1	seq10	seq1	
137107	151847	4316184	4301437	14741	14748	93.81	204641	5295158	7.20	0.28	1	-1	seq10	seq1	
151880	154600	4301253	4298532	2721	2722	94.97	204641	5295158	1.33	0.05	1	-1	seq10	seq1	
155008	186589	4298540	4266916	31582	31625	95.68	204641	5295158	15.43	0.60	1	-1	seq10	seq1	
186589	200198	4265374	4251767	13610	13608	94.96	204641	5295158	6.65	0.26	1	-1	seq10	seq1	
193003	194238	182829	184058	1236	1230	81.42	204641	402605	0.60	0.31	1	1	seq10	seq2	
200522	204641	4251343	4247173	4120	4171	93.88	204641	5295158	2.01	0.08	1	-1	seq10	seq1	
1	14431	4744935	4759363	14431	14429	97.81	96278	5295158	14.99	0.27	1	1	seq11	seq1	
14576	15987	4759359	4760769	1412	1411	93.42	96278	5295158	1.47	0.03	1	1	seq11	seq1	
16009	20005	4762313	4766308	3997	3996	95.75	96278	5295158	4.15	0.08	1	1	seq11	seq1	
19747	27400	4766503	4774145	7654	7643	96.07	96278	5295158	7.95	0.14	1	1	seq11	seq1	
27398	27724	4775865	4776190	327	326	95.41	96278	5295158	0.34	0.01	1	1	seq11	seq1	
27956	34018	4781632	4787702	6063	6071	95.08	96278	5295158	6.30	0.11	1	1	seq11	seq1	
34124	39798	4789393	4795070	5675	5678	94.49	96278	5295158	5.89	0.11	1	1	seq11	seq1	
39798	42383	4795195	4797780	2586	2586	95.17	96278	5295158	2.69	0.05	1	1	seq11	seq1	
42379	50965	4797926	4806509	8587	8584	95.33	96278	5295158	8.92	0.16	1	1	seq11	seq1	
50965	53253	4806662	4808952	2289	2291	95.94	96278	5295158	2.38	0.04	1	1	seq11	seq1	
54488	61757	4808945	4816197	7270	7253	93.05	96278	5295158	7.55	0.14	1	1	seq11	seq1	
61772	67049	4816717	4821992	5278	5276	94.76	96278	5295158	5.48	0.10	1	1	seq11	seq1	
67947	68924	4822894	4823871	978	978	88.85	96278	5295158	1.02	0.02	1	1	seq11	seq1	
71700	79491	4823875	4831634	7792	7760	92.04	96278	5295158	8.09	0.15	1	1	seq11	seq1	
79481	85199	10738	16433	5719	5696	97.12	96278	402605	5.94	1.41	1	1	seq11	seq2	
85199	86341	18451	19596	1143	1146	92.76	96278	402605	1.19	0.28	1	1	seq11	seq2	
86549	96278	4831645	4841374	9730	9730	97.23	96278	5295158	10.11	0.18	1	1	seq11	seq1	
1724	3025	1932565	1933900	1302	1336	89.90	70569	5295158	1.85	0.03	1	1	seq12	seq1	
3598	4447	3182865	3183697	850	833	90.98	70569	5295158	1.20	0.02	1	1	seq12	seq1	
5325	5508	3183714	3183897	184	184	93.48	70569	5295158	0.26	0.00	1	1	seq12	seq1	
6518	6863	3184924	3185269	346	346	93.93	70569	5295158	0.49	0.01	1	1	seq12	seq1	
8583	8955	4139883	4140254	373	372	89.81	70569	5295158	0.53	0.01	1	1	seq12	seq1	
1	58607	4845829	4904445	58607	58617	98.72	58607	5295158	100.00	1.11	1	1	seq13	seq1	[CONTAINED]
1	4899	4963277	4958378	4899	4900	97.61	48536	5295158	10.09	0.09	1	-1	seq14	seq1	
4905	48536	4958219	4914560	43632	43660	97.45	48536	5295158	89.90	0.82	1	-1	seq14	seq1	
48354	48536	4909026	4908844	183	183	100.00	48536	5295158	0.38	0.00	1	-1	seq14	seq1	
759	6517	2063779	2058021	5759	5759	94.22	35540	5295158	16.20	0.11	1	-1	seq15	seq1	
6529	8725	2057859	2055743	2197	2117	90.81	35540	5295158	6.18	0.04	1	-1	seq15	seq1	
8864	10127	2055637	2054374	1264	1264	95.33	35540	5295158	3.56	0.02	1	-1	seq15	seq1	
10185	13821	2053560	2049949	3637	3612	93.14	35540	5295158	10.23	0.07	1	-1	seq15	seq1	
13824	15217	2049825	2048432	1394	1394	91.19	35540	5295158	3.92	0.03	1	-1	seq15	seq1	
15250	22163	2046403	2039491	6914	6913	93.57	35540	5295158	19.45	0.13	1	-1	seq15	seq1	
22331	23407	2038508	2037429	1077	1080	90.76	35540	5295158	3.03	0.02	1	-1	seq15	seq1	
30095	33096	2037237	2034217	3002	3021	93.42	35540	5295158	8.45	0.06	1	-1	seq15	seq1	
34487	35392	2034053	2033150	906	904	95.70	35540	5295158	2.55	0.02	1	-1	seq15	seq1	
1	15801	4740159	4724407	15801	15753	95.80	15801	5295158	100.00	0.30	1	-1	seq16	seq1	[CONTAINED]
1	14901	4967915	4982784	14901	14870	97.09	14901	5295158	100.00	0.28	1	1	seq17	seq1	[CONTAINED]
1759	1977	3231149	3230926	219	224	85.53	9656	5295158	2.27	0.00	1	-1	seq19	seq1	
3811	3944	261152	261020	134	133	87.31	9656	402605	1.39	0.03	1	-1	seq19	seq2	
1	4464	4704700	4709185	4464	4486	95.39	8670	5295158	51.49	0.08	1	1	seq20	seq1	
5579	6628	4710247	4711298	1050	1052	94.11	8670	5295158	12.11	0.02	1	1	seq20	seq1	
7354	8670	4711299	4712614	1317	1316	97.27	8670	5295158	15.19	0.02	1	1	seq20	seq1	
5052	5329	4724689	4724410	278	280	95.36	5329	5295158	5.22	0.01	1	-1	seq21	seq1	
1	2336	4244933	4242598	2336	2336	100.00	2336	5295158	100.00	0.04	1	-1	seq22	seq1	[CONTAINED]
1	1387	3270222	3268837	1387	1386	97.48	1387	5295158	100.00	0.03	1	-1	seq23	seq1	[CONTAINED]
1	1130	4986342	4987471	1130	1130	100.00	1130	5295158	100.00	0.02	1	1	seq24	seq1	[CONTAINED]
1	777	4743347	4742571	777	777	100.00	777	5295158	100.00	0.01	1	-1	seq25	seq1	[CONTAINED]
288	370	4909108	4909026	83	83	100.00	517	5295158	16.05	0.00	1	-1	seq26	seq1	
1	316	4844732	4844417	316	316	100.00	316	5295158	100.00	0.01	1	-1	seq27	seq1	[CONTAINED]
1	290	4694686	4694397	290	290	100.00	290	5295158	100.00	0.01	1	-1	seq29	seq1	[CONTAINED]
1	286	4740047	4740332	286	286	99.65	286	5295158	100.00	0.01	1	1	seq30	seq1	[CONTAINED]
1	255	4913649	4913395	255	255	99.61	255	5295158	100.00	0.00	1	-1	seq31	seq1	[CONTAINED]
1	255	4913658	4913404	255	255	99.61	255	5295158	100.00	0.00	1	-1	seq33	seq1	[CONTAINED]
1	251	4715940	4715690	251	251	100.00	251	5295158	100.00	0.00	1	-1	seq34	seq1	[CONTAINED]
1	250	272163	271913	250	251	99.60	250	5295158	100.00	0.00	1	-1	seq35	seq1	[CONTAINED]
