246444	272540	26082	1	26097	26082	96.33	289146	5295158	9.03	0.49	1	-1	seq05	seq1	
242567	246448	30061	26228	3882	3834	93.44	289146	5295158	1.34	0.07	1	-1	seq05	seq1	
237637	240753	33183	30063	3117	3121	91.84	289146	5295158	1.08	0.06	1	-1	seq05	seq1	
237166	237539	33556	33183	374	374	94.13	289146	5295158	0.13	0.01	1	-1	seq05	seq1	
234218	237170	36911	33959	2953	2953	93.02	289146	5295158	1.02	0.06	1	-1	seq05	seq1	
215773	232645	53772	36899	16873	16874	96.38	289146	5295158	5.84	0.32	1	-1	seq05	seq1	
210899	215773	58842	53970	4875	4873	93.59	289146	5295158	1.69	0.09	1	-1	seq05	seq1	
201888	210948	82603	73543	9061	9061	98.74	289146	5295158	3.13	0.17	1	-1	seq05	seq1	
177807	185323	90099	82496	7517	7604	95.65	289146	5295158	2.60	0.14	1	-1	seq05	seq1	
176787	177661	92655	91781	875	875	94.75	289146	5295158	0.30	0.02	1	-1	seq05	seq1	
172469	176564	96908	92810	4096	4099	95.12	289146	5295158	1.42	0.08	1	-1	seq05	seq1	
169453	169970	97691	97183	518	509	86.49	289146	5295158	0.18	0.01	1	-1	seq05	seq1	
168839	169684	100545	99705	846	841	91.73	289146	5295158	0.29	0.02	1	-1	seq05	seq1	
160957	168667	111671	103919	7711	7753	95.86	289146	5295158	2.67	0.15	1	-1	seq05	seq1	
154919	160772	117613	111740	5854	5874	92.33	289146	5295158	2.02	0.11	1	-1	seq05	seq1	
151766	154924	121134	117973	3159	3162	95.89	289146	5295158	1.09	0.06	1	-1	seq05	seq1	
150551	152045	121743	120249	1495	1495	85.11	289146	5295158	0.52	0.03	1	-1	seq05	seq1	
143000	150782	129930	122128	7783	7803	95.61	289146	5295158	2.69	0.15	1	-1	seq05	seq1	
139289	141683	132623	130240	2395	2384	94.08	289146	5295158	0.83	0.05	1	-1	seq05	seq1	
138513	139198	133850	133162	686	689	97.39	289146	5295158	0.24	0.01	1	-1	seq05	seq1	
134948	138513	137538	133974	3566	3565	98.23	289146	5295158	1.23	0.07	1	-1	seq05	seq1	
130039	134941	143161	138191	4903	4971	93.45	289146	5295158	1.70	0.09	1	-1	seq05	seq1	
116132	130115	158994	145004	13984	13991	94.51	289146	5295158	4.84	0.26	1	-1	seq05	seq1	
112862	116121	163018	159756	3260	3263	95.41	289146	5295158	1.13	0.06	1	-1	seq05	seq1	
107514	112738	168544	163322	5225	5223	96.69	289146	5295158	1.81	0.10	1	-1	seq05	seq1	
93674	108065	182877	168539	14392	14339	95.50	289146	5295158	4.98	0.27	1	-1	seq05	seq1	
88506	92654	187422	183275	4149	4148	96.31	289146	5295158	1.43	0.08	1	-1	seq05	seq1	
85096	86983	189368	187485	1888	1884	95.41	289146	5295158	0.65	0.04	1	-1	seq05	seq1	
83222	84863	191249	189607	1642	1643	97.02	289146	5295158	0.57	0.03	1	-1	seq05	seq1	
72618	83092	201645	191259	10475	10387	96.23	289146	5295158	3.62	0.20	1	-1	seq05	seq1	
58715	72266	215585	202016	13552	13570	95.11	289146	5295158	4.69	0.26	1	-1	seq05	seq1	
57360	58498	217392	216252	1139	1141	93.98	289146	5295158	0.39	0.02	1	-1	seq05	seq1	
52006	57312	227164	221859	5307	5306	95.23	289146	5295158	1.84	0.10	1	-1	seq05	seq1	
46655	48320	228857	227197	1666	1661	95.44	289146	5295158	0.58	0.03	1	-1	seq05	seq1	
40761	46567	234800	228986	5807	5815	95.27	289146	5295158	2.01	0.11	1	-1	seq05	seq1	
36638	40564	240415	236489	3927	3927	93.82	289146	5295158	1.36	0.07	1	-1	seq05	seq1	
7187	30076	263376	240461	22890	22916	96.56	289146	5295158	7.92	0.43	1	-1	seq05	seq1	
1	7187	270710	263524	7187	7187	96.84	289146	5295158	2.49	0.14	1	-1	seq05	seq1	
1	255	271587	271841	255	255	99.61	255	5295158	100.00	0.00	1	1	seq30	seq1	[CONTAINED]
1	255	271596	271850	255	255	99.61	255	5295158	100.00	0.00	1	1	seq29	seq1	[CONTAINED]
1	460	272183	271724	460	460	100.00	460	5295158	100.00	0.01	1	-1	seq23	seq1	[CONTAINED]
1	777	272220	272996	777	777	99.87	777	5295158	100.00	0.01	1	1	seq20	seq1	[CONTAINED]
1	290	272346	272057	290	290	100.00	290	5295158	100.00	0.01	1	-1	seq26	seq1	[CONTAINED]
1	255	272742	272996	255	255	100.00	255	5295158	100.00	0.00	1	1	seq28	seq1	[CONTAINED]
1	2336	272870	275205	2336	2336	99.91	2336	5295158	100.00	0.04	1	1	seq18	seq1	[CONTAINED]
1	2367	275079	277449	2367	2371	98.99	1770352	5295158	0.13	0.04	1	1	seq01	seq1	
2671	4213	279153	280696	1543	1544	97.15	1770352	5295158	0.09	0.03	1	1	seq01	seq1	
4501	14070	285496	295064	9570	9569	96.84	1770352	5295158	0.54	0.18	1	1	seq01	seq1	
14140	22358	295904	304185	8219	8282	95.14	1770352	5295158	0.46	0.16	1	1	seq01	seq1	
22362	34589	304305	316543	12228	12239	92.57	1770352	5295158	0.69	0.23	1	1	seq01	seq1	
34589	35942	316695	318048	1354	1354	94.61	1770352	5295158	0.08	0.03	1	1	seq01	seq1	
35964	36714	319580	320330	751	751	95.48	1770352	5295158	0.04	0.01	1	1	seq01	seq1	
36847	45055	320457	328667	8209	8211	91.18	1770352	5295158	0.46	0.16	1	1	seq01	seq1	
45057	49005	329619	333569	3949	3951	92.74	1770352	5295158	0.22	0.07	1	1	seq01	seq1	
49038	50258	335706	336926	1221	1221	91.81	1770352	5295158	0.07	0.02	1	1	seq01	seq1	
53333	56165	337809	340671	2833	2863	93.33	1770352	5295158	0.16	0.05	1	1	seq01	seq1	
56408	60269	340739	344560	3862	3822	92.35	1770352	5295158	0.22	0.07	1	1	seq01	seq1	
60536	69460	344848	353802	8925	8955	93.98	1770352	5295158	0.50	0.17	1	1	seq01	seq1	
69462	70556	353927	355023	1095	1097	95.90	1770352	5295158	0.06	0.02	1	1	seq01	seq1	
70612	77673	355518	362571	7062	7054	95.77	1770352	5295158	0.40	0.13	1	1	seq01	seq1	
77836	89383	366331	377884	11548	11554	95.15	1770352	5295158	0.65	0.22	1	1	seq01	seq1	
89469	92146	378004	380681	2678	2678	94.92	1770352	5295158	0.15	0.05	1	1	seq01	seq1	
93514	95627	388731	390762	2114	2032	91.12	1770352	5295158	0.12	0.04	1	1	seq01	seq1	
95627	108124	390917	403441	12498	12525	95.82	1770352	5295158	0.71	0.24	1	1	seq01	seq1	
108180	124276	404688	420597	16097	15910	92.96	1770352	5295158	0.91	0.30	1	1	seq01	seq1	
124623	132138	421187	428658	7516	7472	92.05	1770352	5295158	0.42	0.14	1	1	seq01	seq1	
132140	132801	429003	429664	662	662	94.11	1770352	5295158	0.04	0.01	1	1	seq01	seq1	
134841	161030	433155	459271	26190	26117	95.34	1770352	5295158	1.48	0.49	1	1	seq01	seq1	
161201	163820	459470	462086	2620	2617	97.33	1770352	5295158	0.15	0.05	1	1	seq01	seq1	
163891	164443	461993	462545	553	553	93.49	1770352	5295158	0.03	0.01	1	1	seq01	seq1	
164435	166400	463484	465458	1966	1975	93.08	1770352	5295158	0.11	0.04	1	1	seq01	seq1	
166390	166903	465286	465784	514	499	86.85	1770352	5295158	0.03	0.01	1	1	seq01	seq1	
166956	171428	465627	470099	4473	4473	97.59	1770352	5295158	0.25	0.08	1	1	seq01	seq1	
171527	172124	472546	473143	598	598	95.66	1770352	5295158	0.03	0.01	1	1	seq01	seq1	
172152	176619	473638	478106	4468	4469	95.39	1770352	5295158	0.25	0.08	1	1	seq01	seq1	
176724	178836	478308	480415	2113	2108	95.08	1770352	5295158	0.12	0.04	1	1	seq01	seq1	
179170	181057	480421	482304	1888	1884	93.07	1770352	5295158	0.11	0.04	1	1	seq01	seq1	
184194	184520	492833	493162	327	330	86.71	1770352	5295158	0.02	0.01	1	1	seq01	seq1	
184607	189226	494074	498692	4620	4619	95.08	1770352	5295158	0.26	0.09	1	1	seq01	seq1	
189224	192917	499116	502812	3694	3697	96.75	1770352	5295158	0.21	0.07	1	1	seq01	seq1	
192883	219590	504172	530836	26708	26665	96.27	1770352	5295158	1.51	0.50	1	1	seq01	seq1	
220112	226687	530934	537511	6576	6578	95.48	1770352	5295158	0.37	0.12	1	1	seq01	seq1	
227386	233701	538981	545302	6316	6322	95.81	1770352	5295158	0.36	0.12	1	1	seq01	seq1	
233707	247576	546283	560074	13870	13792	96.78	1770352	5295158	0.78	0.26	1	1	seq01	seq1	
247738	255141	560225	567627	7404	7403	97.57	1770352	5295158	0.42	0.14	1	1	seq01	seq1	
255275	278617	567747	591087	23343	23341	97.34	1770352	5295158	1.32	0.44	1	1	seq01	seq1	
280946	289523	591863	600385	8578	8523	96.20	1770352	5295158	0.48	0.16	1	1	seq01	seq1	
289551	306623	607140	624251	17073	17112	95.62	1770352	5295158	0.96	0.32	1	1	seq01	seq1	
308614	316922	624346	632655	8309	8310	95.61	1770352	5295158	0.47	0.16	1	1	seq01	seq1	
320084	342863	632873	655732	22780	22860	95.80	1770352	5295158	1.29	0.43	1	1	seq01	seq1	
355234	404314	657154	706308	49081	49155	96.77	1770352	5295158	2.77	0.93	1	1	seq01	seq1	
404314	418149	706463	720304	13836	13842	94.90	1770352	5295158	0.78	0.26	1	1	seq01	seq1	
418297	419295	720304	721314	999	1011	94.26	1770352	5295158	0.06	0.02	1	1	seq01	seq1	
419395	420080	721275	721960	686	686	90.09	1770352	5295158	0.04	0.01	1	1	seq01	seq1	
420080	421452	722068	723440	1373	1373	96.14	1770352	5295158	0.08	0.03	1	1	seq01	seq1	
421438	446146	723568	748273	24709	24706	96.66	1770352	5295158	1.40	0.47	1	1	seq01	seq1	
446151	447107	748426	749380	957	955	95.82	1770352	5295158	0.05	0.02	1	1	seq01	seq1	
447229	448016	749676	750461	788	786	90.86	1770352	5295158	0.04	0.01	1	1	seq01	seq1	
448033	491723	752070	795793	43691	43724	95.98	1770352	5295158	2.47	0.83	1	1	seq01	seq1	
491726	501035	797768	807092	9310	9325	94.80	1770352	5295158	0.53	0.18	1	1	seq01	seq1	
501366	501825	807423	807879	460	457	83.98	1770352	5295158	0.03	0.01	1	1	seq01	seq1	
502881	510412	808767	816315	7532	7549	96.86	1770352	5295158	0.43	0.14	1	1	seq01	seq1	
510409	530517	816463	836558	20109	20096	96.38	1770352	5295158	1.14	0.38	1	1	seq01	seq1	
530516	588238	836706	894408	57723	57703	96.37	1770352	5295158	3.26	1.09	1	1	seq01	seq1	
588688	592005	894404	897720	3318	3317	97.11	1770352	5295158	0.19	0.06	1	1	seq01	seq1	
591990	598664	907945	914635	6675	6691	95.43	1770352	5295158	0.38	0.13	1	1	seq01	seq1	
598687	613475	916201	930995	14789	14795	96.10	1770352	5295158	0.84	0.28	1	1	seq01	seq1	
613474	615992	931636	934144	2519	2509	97.86	1770352	5295158	0.14	0.05	1	1	seq01	seq1	
615994	646346	935226	965590	30353	30365	96.76	1770352	5295158	1.71	0.57	1	1	seq01	seq1	
646505	659729	969120	982343	13225	13224	97.62	1770352	5295158	0.75	0.25	1	1	seq01	seq1	
659726	669599	983055	992939	9874	9885	96.55	1770352	5295158	0.56	0.19	1	1	seq01	seq1	
669732	723544	997059	1050896	53813	53838	95.82	1770352	5295158	3.04	1.02	1	1	seq01	seq1	
724679	755127	1053011	1083411	30449	30401	96.51	1770352	5295158	1.72	0.57	1	1	seq01	seq1	
755467	768170	1084557	1097263	12704	12707	94.47	1770352	5295158	0.72	0.24	1	1	seq01	seq1	
769099	794380	1097610	1122956	25282	25347	95.93	1770352	5295158	1.43	0.48	1	1	seq01	seq1	
794449	795141	1123669	1124360	693	692	91.05	1770352	5295158	0.04	0.01	1	1	seq01	seq1	
795151	826168	1126057	1157112	31018	31056	97.13	1770352	5295158	1.75	0.59	1	1	seq01	seq1	
826168	839687	1157232	1170751	13520	13520	97.39	1770352	5295158	0.76	0.26	1	1	seq01	seq1	
840040	851946	1171101	1183012	11907	11912	95.99	1770352	5295158	0.67	0.22	1	1	seq01	seq1	
853202	863802	1183031	1193712	10601	10682	95.94	1770352	5295158	0.60	0.20	1	1	seq01	seq1	
907899	953921	1193700	1239729	46023	46030	97.15	1770352	5295158	2.60	0.87	1	1	seq01	seq1	
954536	958552	1239720	1243733	4017	4014	92.32	1770352	5295158	0.23	0.08	1	1	seq01	seq1	
958778	1038210	1245147	1324550	79433	79404	97.63	1770352	5295158	4.49	1.50	1	1	seq01	seq1	
1038202	1062301	1330548	1354687	24100	24140	93.95	1770352	5295158	1.36	0.46	1	1	seq01	seq1	
1062630	1078156	1354689	1370272	15527	15584	97.45	1770352	5295158	0.88	0.29	1	1	seq01	seq1	
1078258	1083866	1372047	1377573	5609	5527	95.99	1770352	5295158	0.32	0.10	1	1	seq01	seq1	
1083967	1089869	1377703	1383666	5903	5964	93.95	1770352	5295158	0.33	0.11	1	1	seq01	seq1	
1089914	1095713	1383803	1389604	5800	5802	93.61	1770352	5295158	0.33	0.11	1	1	seq01	seq1	
1095706	1100785	1391791	1396883	5080	5093	92.23	1770352	5295158	0.29	0.10	1	1	seq01	seq1	
1100767	1102161	1397894	1399288	1395	1395	84.63	1770352	5295158	0.08	0.03	1	1	seq01	seq1	
1102527	1105470	1403260	1406204	2944	2945	94.13	1770352	5295158	0.17	0.06	1	1	seq01	seq1	
1106201	1119579	1406355	1419726	13379	13372	93.15	1770352	5295158	0.76	0.25	1	1	seq01	seq1	
1119590	1122467	1419904	1422778	2878	2875	96.67	1770352	5295158	0.16	0.05	1	1	seq01	seq1	
1122454	1126397	1423325	1427182	3944	3858	93.46	1770352	5295158	0.22	0.07	1	1	seq01	seq1	
1126500	1137886	1427182	1438573	11387	11392	95.50	1770352	5295158	0.64	0.22	1	1	seq01	seq1	
1137932	1146380	1439591	1447989	8449	8399	94.89	1770352	5295158	0.48	0.16	1	1	seq01	seq1	
1196975	1206036	1451463	1460523	9062	9061	95.33	1770352	5295158	0.51	0.17	1	1	seq01	seq1	
1207342	1222987	1460524	1476161	15646	15638	96.33	1770352	5295158	0.88	0.30	1	1	seq01	seq1	
1223033	1228678	1480870	1486503	5646	5634	93.61	1770352	5295158	0.32	0.11	1	1	seq01	seq1	
1229999	1232343	1487824	1490159	2345	2336	81.77	1770352	5295158	0.13	0.04	1	1	seq01	seq1	
1233381	1246874	1491181	1504754	13494	13574	93.46	1770352	5295158	0.76	0.26	1	1	seq01	seq1	
1246943	1255346	1505322	1513724	8404	8403	93.38	1770352	5295158	0.47	0.16	1	1	seq01	seq1	
1255951	1258231	1513829	1516042	2281	2214	90.03	1770352	5295158	0.13	0.04	1	1	seq01	seq1	
1258236	1259703	1516191	1517658	1468	1468	92.18	1770352	5295158	0.08	0.03	1	1	seq01	seq1	
1259697	1267911	1519982	1528196	8215	8215	92.78	1770352	5295158	0.46	0.16	1	1	seq01	seq1	
1267910	1291981	1529168	1553243	24072	24076	96.24	1770352	5295158	1.36	0.45	1	1	seq01	seq1	
1291980	1297599	1554837	1560459	5620	5623	94.22	1770352	5295158	0.32	0.11	1	1	seq01	seq1	
1299056	1301144	1560454	1562538	2089	2085	92.49	1770352	5295158	0.12	0.04	1	1	seq01	seq1	
1301262	1303094	1562646	1564479	1833	1834	87.04	1770352	5295158	0.10	0.03	1	1	seq01	seq1	
1305171	1306831	1567888	1569548	1661	1661	92.66	1770352	5295158	0.09	0.03	1	1	seq01	seq1	
1306813	1312750	1569946	1575883	5938	5938	96.20	1770352	5295158	0.34	0.11	1	1	seq01	seq1	
1312834	1316690	1577850	1581704	3857	3855	92.43	1770352	5295158	0.22	0.07	1	1	seq01	seq1	
1316690	1332675	1581857	1597859	15986	16003	94.17	1770352	5295158	0.90	0.30	1	1	seq01	seq1	
1332668	1347451	1598004	1612790	14784	14787	93.11	1770352	5295158	0.84	0.28	1	1	seq01	seq1	
1347427	1349801	1613162	1615536	2375	2375	92.17	1770352	5295158	0.13	0.04	1	1	seq01	seq1	
1349843	1355057	1617009	1622222	5215	5214	94.90	1770352	5295158	0.29	0.10	1	1	seq01	seq1	
1355169	1358759	1622598	1626191	3591	3594	94.99	1770352	5295158	0.20	0.07	1	1	seq01	seq1	
1358910	1359809	1628897	1629796	900	900	92.78	1770352	5295158	0.05	0.02	1	1	seq01	seq1	
1359908	1364768	1633914	1638767	4861	4854	93.48	1770352	5295158	0.27	0.09	1	1	seq01	seq1	
1373306	1373882	1648503	1649079	577	577	97.23	1770352	5295158	0.03	0.01	1	1	seq01	seq1	
1373905	1378049	1651662	1655808	4145	4147	92.77	1770352	5295158	0.23	0.08	1	1	seq01	seq1	
1379666	1382827	1657561	1660721	3162	3161	93.96	1770352	5295158	0.18	0.06	1	1	seq01	seq1	
1382954	1384792	1660879	1662717	1839	1839	92.45	1770352	5295158	0.10	0.03	1	1	seq01	seq1	
1386985	1393501	1662725	1669322	6517	6598	92.86	1770352	5295158	0.37	0.12	1	1	seq01	seq1	
1393544	1398182	1674847	1679471	4639	4625	94.07	1770352	5295158	0.26	0.09	1	1	seq01	seq1	
1398890	1406059	1680430	1687588	7170	7159	92.38	1770352	5295158	0.41	0.14	1	1	seq01	seq1	
1406123	1407247	1688786	1689920	1125	1135	89.16	1770352	5295158	0.06	0.02	1	1	seq01	seq1	
1407449	1408599	1690143	1691284	1151	1142	91.07	1770352	5295158	0.07	0.02	1	1	seq01	seq1	
1409855	1414632	1691290	1696081	4778	4792	93.16	1770352	5295158	0.27	0.09	1	1	seq01	seq1	
1416466	1419504	1696141	1699168	3039	3028	94.80	1770352	5295158	0.17	0.06	1	1	seq01	seq1	
1421715	1423879	1699881	1702040	2165	2160	92.34	1770352	5295158	0.12	0.04	1	1	seq01	seq1	
1424104	1426962	1702216	1705073	2859	2858	96.08	1770352	5295158	0.16	0.05	1	1	seq01	seq1	
1427025	1430604	1707328	1710905	3580	3578	95.56	1770352	5295158	0.20	0.07	1	1	seq01	seq1	
1430601	1434826	1711636	1715860	4226	4225	93.05	1770352	5295158	0.24	0.08	1	1	seq01	seq1	
1435597	1436874	1715866	1717175	1278	1310	88.43	1770352	5295158	0.07	0.02	1	1	seq01	seq1	
1436875	1445098	1717321	1725637	8224	8317	90.34	1770352	5295158	0.46	0.16	1	1	seq01	seq1	
1447499	1450509	1726439	1729489	3011	3051	91.27	1770352	5295158	0.17	0.06	1	1	seq01	seq1	
1450446	1460328	1729612	1739520	9883	9909	95.76	1770352	5295158	0.56	0.19	1	1	seq01	seq1	
1460327	1466155	1740272	1746010	5829	5739	90.68	1770352	5295158	0.33	0.11	1	1	seq01	seq1	
1466355	1466812	1746613	1747070	458	458	92.36	1770352	5295158	0.03	0.01	1	1	seq01	seq1	
1470792	1472766	1747093	1749068	1975	1976	93.62	1770352	5295158	0.11	0.04	1	1	seq01	seq1	
1473418	1474290	1749066	1749943	873	878	90.81	1770352	5295158	0.05	0.02	1	1	seq01	seq1	
1474382	1478345	1749791	1753755	3964	3965	93.79	1770352	5295158	0.22	0.07	1	1	seq01	seq1	
1478925	1479731	1754862	1755626	807	765	89.22	1770352	5295158	0.05	0.01	1	1	seq01	seq1	
1484501	1485364	1755851	1756712	864	862	93.76	1770352	5295158	0.05	0.02	1	1	seq01	seq1	
1491412	1492636	1756913	1758130	1225	1218	92.44	1770352	5295158	0.07	0.02	1	1	seq01	seq1	
1494888	1505491	1758251	1768944	10604	10694	92.88	1770352	5295158	0.60	0.20	1	1	seq01	seq1	
1505632	1507996	1768949	1771313	2365	2365	92.44	1770352	5295158	0.13	0.04	1	1	seq01	seq1	
1508149	1512638	1777234	1781766	4490	4533	94.89	1770352	5295158	0.25	0.09	1	1	seq01	seq1	
1513147	1515975	1781756	1784581	2829	2826	92.76	1770352	5295158	0.16	0.05	1	1	seq01	seq1	
1516035	1518528	1789850	1792342	2494	2493	94.03	1770352	5295158	0.14	0.05	1	1	seq01	seq1	
1519787	1525389	1792809	1798408	5603	5600	95.22	1770352	5295158	0.32	0.11	1	1	seq01	seq1	
1526666	1528251	1798735	1800320	1586	1586	95.34	1770352	5295158	0.09	0.03	1	1	seq01	seq1	
1528613	1533595	1800317	1805294	4983	4978	93.39	1770352	5295158	0.28	0.09	1	1	seq01	seq1	
1533763	1534829	1805350	1806416	1067	1067	91.01	1770352	5295158	0.06	0.02	1	1	seq01	seq1	
1534825	1540111	1806562	1811851	5287	5290	94.75	1770352	5295158	0.30	0.10	1	1	seq01	seq1	
1540135	1546475	1813611	1819951	6341	6341	92.77	1770352	5295158	0.36	0.12	1	1	seq01	seq1	
1547655	1550000	1820938	1823284	2346	2347	93.53	1770352	5295158	0.13	0.04	1	1	seq01	seq1	
1550195	1575955	1828649	1854454	25761	25806	94.11	1770352	5295158	1.46	0.49	1	1	seq01	seq1	
1576101	1577486	1854867	1856252	1386	1386	95.53	1770352	5295158	0.08	0.03	1	1	seq01	seq1	
1578751	1579915	1859298	1860460	1165	1163	94.94	1770352	5295158	0.07	0.02	1	1	seq01	seq1	
1580192	1581526	1860697	1862055	1335	1359	91.03	1770352	5295158	0.08	0.03	1	1	seq01	seq1	
1581679	1587162	1863094	1868632	5484	5539	91.00	1770352	5295158	0.31	0.10	1	1	seq01	seq1	
1589153	1590672	1874375	1875893	1520	1519	95.66	1770352	5295158	0.09	0.03	1	1	seq01	seq1	
1592842	1596589	1875875	1879625	3748	3751	93.82	1770352	5295158	0.21	0.07	1	1	seq01	seq1	
1640066	1642077	1880704	1882712	2012	2009	92.66	1770352	5295158	0.11	0.04	1	1	seq01	seq1	
1647771	1648888	1883266	1884382	1118	1117	93.11	1770352	5295158	0.06	0.02	1	1	seq01	seq1	
1651431	1660722	1884379	1893624	9292	9246	93.18	1770352	5295158	0.52	0.17	1	1	seq01	seq1	
1667613	1667705	1896246	1896338	93	93	98.92	1770352	5295158	0.01	0.00	1	1	seq01	seq1	
1667701	1674177	1896486	1902958	6477	6473	93.34	1770352	5295158	0.37	0.12	1	1	seq01	seq1	
1674297	1680622	1903056	1909391	6326	6336	91.48	1770352	5295158	0.36	0.12	1	1	seq01	seq1	
1681474	1687818	1910587	1916944	6345	6358	93.20	1770352	5295158	0.36	0.12	1	1	seq01	seq1	
1689334	1689665	1919142	1919473	332	332	93.37	1770352	5295158	0.02	0.01	1	1	seq01	seq1	
1690112	1690298	1919607	1919793	187	187	96.79	1770352	5295158	0.01	0.00	1	1	seq01	seq1	
1697190	1701516	1920715	1925043	4327	4329	93.53	1770352	5295158	0.24	0.08	1	1	seq01	seq1	
1701536	1702914	1926153	1927533	1379	1381	93.78	1770352	5295158	0.08	0.03	1	1	seq01	seq1	
36908	38209	1933900	1932565	1302	1336	89.98	94953	5295158	1.37	0.03	1	-1	seq10	seq1	
1708025	1711387	1937270	1940620	3363	3351	89.37	1770352	5295158	0.19	0.06	1	1	seq01	seq1	
1712097	1713848	1940665	1942408	1752	1744	84.66	1770352	5295158	0.10	0.03	1	1	seq01	seq1	
1717228	1718265	1948808	1949845	1038	1038	91.04	1770352	5295158	0.06	0.02	1	1	seq01	seq1	
1718299	1720072	1957504	1959268	1774	1765	92.48	1770352	5295158	0.10	0.03	1	1	seq01	seq1	
1720456	1726265	1963987	1969760	5810	5774	91.07	1770352	5295158	0.33	0.11	1	1	seq01	seq1	
1726417	1729751	1974947	1978299	3335	3353	91.16	1770352	5295158	0.19	0.06	1	1	seq01	seq1	
1729824	1733411	1980782	1984305	3588	3524	93.75	1770352	5295158	0.20	0.07	1	1	seq01	seq1	
1733407	1740815	1984404	1991864	7409	7461	93.75	1770352	5295158	0.42	0.14	1	1	seq01	seq1	
1743079	1749104	1992075	1998095	6026	6021	96.96	1770352	5295158	0.34	0.11	1	1	seq01	seq1	
1749303	1758079	1998112	2006893	8777	8782	96.36	1770352	5295158	0.50	0.17	1	1	seq01	seq1	
1758079	1759748	2007064	2008735	1670	1672	97.19	1770352	5295158	0.09	0.03	1	1	seq01	seq1	
1762907	1763860	2008953	2009894	954	942	94.13	1770352	5295158	0.05	0.02	1	1	seq01	seq1	
1765558	1767928	2009902	2012272	2371	2371	96.67	1770352	5295158	0.13	0.04	1	1	seq01	seq1	
1767773	1768272	2029126	2029625	500	500	94.41	1770352	5295158	0.03	0.01	1	1	seq01	seq1	
1768371	1770352	2029768	2031750	1982	1983	97.18	1770352	5295158	0.11	0.04	1	1	seq01	seq1	
149	1054	2033150	2034053	906	904	95.70	35539	5295158	2.55	0.02	1	1	seq13	seq1	
2445	5446	2034217	2037237	3002	3021	93.42	35539	5295158	8.45	0.06	1	1	seq13	seq1	
12134	13210	2037429	2038508	1077	1080	90.76	35539	5295158	3.03	0.02	1	1	seq13	seq1	
13378	20291	2039491	2046403	6914	6913	93.58	35539	5295158	19.45	0.13	1	1	seq13	seq1	
20324	21717	2048432	2049825	1394	1394	91.12	35539	5295158	3.92	0.03	1	1	seq13	seq1	
21720	25355	2049949	2053560	3636	3612	92.88	35539	5295158	10.23	0.07	1	1	seq13	seq1	
25413	26676	2054374	2055637	1264	1264	95.33	35539	5295158	3.56	0.02	1	1	seq13	seq1	
26815	29011	2055743	2057859	2197	2117	90.81	35539	5295158	6.18	0.04	1	1	seq13	seq1	
29023	34781	2058021	2063779	5759	5759	94.24	35539	5295158	16.20	0.11	1	1	seq13	seq1	
942745	943406	2064438	2063777	662	662	93.05	944336	5295158	0.07	0.01	1	-1	seq02	seq1	
936887	942733	2070632	2064827	5847	5806	94.39	944336	5295158	0.62	0.11	1	-1	seq02	seq1	
935479	936637	2072863	2071705	1159	1159	91.39	944336	5295158	0.12	0.02	1	-1	seq02	seq1	
922877	934942	2085932	2073920	12066	12013	94.01	944336	5295158	1.28	0.23	1	-1	seq02	seq1	
914710	921507	2092755	2085950	6798	6806	93.10	944336	5295158	0.72	0.13	1	-1	seq02	seq1	
909822	910895	2094990	2093918	1074	1073	89.02	944336	5295158	0.11	0.02	1	-1	seq02	seq1	
901995	906776	2100922	2096076	4782	4847	90.42	944336	5295158	0.51	0.09	1	-1	seq02	seq1	
898384	901873	2108757	2105269	3490	3489	93.21	944336	5295158	0.37	0.07	1	-1	seq02	seq1	
891289	898307	2115896	2108904	7019	6993	92.70	944336	5295158	0.74	0.13	1	-1	seq02	seq1	
874321	882676	2124380	2116045	8356	8336	94.36	944336	5295158	0.88	0.16	1	-1	seq02	seq1	
869688	874244	2129643	2125075	4557	4569	91.86	944336	5295158	0.48	0.09	1	-1	seq02	seq1	
867821	869541	2131512	2129805	1721	1708	87.92	944336	5295158	0.18	0.03	1	-1	seq02	seq1	
851916	867771	2150187	2134297	15856	15891	94.30	944336	5295158	1.68	0.30	1	-1	seq02	seq1	
850530	851074	2150882	2150338	545	545	91.93	944336	5295158	0.06	0.01	1	-1	seq02	seq1	
838216	850303	2164489	2152405	12088	12085	94.46	944336	5295158	1.28	0.23	1	-1	seq02	seq1	
832242	835276	2168016	2164870	3035	3147	85.08	944336	5295158	0.32	0.06	1	-1	seq02	seq1	
820538	832239	2180307	2168568	11702	11740	94.95	944336	5295158	1.24	0.22	1	-1	seq02	seq1	
814909	820535	2185932	2180413	5627	5520	91.46	944336	5295158	0.60	0.10	1	-1	seq02	seq1	
813450	814836	2187575	2186191	1387	1385	95.29	944336	5295158	0.15	0.03	1	-1	seq02	seq1	
808624	813523	2196558	2191652	4900	4907	96.54	944336	5295158	0.52	0.09	1	-1	seq02	seq1	
806780	807779	2202077	2201081	1000	997	95.10	944336	5295158	0.11	0.02	1	-1	seq02	seq1	
799477	806163	2210351	2203662	6687	6690	92.70	944336	5295158	0.71	0.13	1	-1	seq02	seq1	
795315	799002	2214069	2210367	3688	3703	92.47	944336	5295158	0.39	0.07	1	-1	seq02	seq1	
784729	793060	2223126	2214799	8332	8328	93.91	944336	5295158	0.88	0.16	1	-1	seq02	seq1	
783248	784728	2225520	2224038	1481	1483	91.11	944336	5295158	0.16	0.03	1	-1	seq02	seq1	
782167	782706	2226605	2226062	540	544	88.28	944336	5295158	0.06	0.01	1	-1	seq02	seq1	
778425	781139	2229949	2227235	2715	2715	94.26	944336	5295158	0.29	0.05	1	-1	seq02	seq1	
776031	778414	2232683	2230300	2384	2384	94.60	944336	5295158	0.25	0.05	1	-1	seq02	seq1	
771095	775367	2237663	2233389	4273	4275	94.19	944336	5295158	0.45	0.08	1	-1	seq02	seq1	
769375	771100	2239913	2238168	1726	1746	87.61	944336	5295158	0.18	0.03	1	-1	seq02	seq1	
761954	769263	2247319	2240013	7310	7307	91.52	944336	5295158	0.77	0.14	1	-1	seq02	seq1	
760492	760921	2252356	2251927	430	430	90.93	944336	5295158	0.05	0.01	1	-1	seq02	seq1	
759378	760412	2256243	2255210	1035	1034	95.75	944336	5295158	0.11	0.02	1	-1	seq02	seq1	
754319	759147	2262942	2258107	4829	4836	93.28	944336	5295158	0.51	0.09	1	-1	seq02	seq1	
746327	753375	2269990	2262954	7049	7037	91.73	944336	5295158	0.75	0.13	1	-1	seq02	seq1	
745581	746241	2270909	2270243	661	667	88.66	944336	5295158	0.07	0.01	1	-1	seq02	seq1	
739589	745012	2277403	2271991	5424	5413	94.23	944336	5295158	0.57	0.10	1	-1	seq02	seq1	
722526	739070	2295525	2278974	16545	16552	93.69	944336	5295158	1.75	0.31	1	-1	seq02	seq1	
716078	722434	2302281	2295941	6357	6341	92.81	944336	5295158	0.67	0.12	1	-1	seq02	seq1	
699078	715902	2320213	2303310	16825	16904	93.52	944336	5295158	1.78	0.32	1	-1	seq02	seq1	
698279	698957	2321196	2320516	679	681	89.90	944336	5295158	0.07	0.01	1	-1	seq02	seq1	
696960	697182	2321411	2321189	223	223	94.62	944336	5295158	0.02	0.00	1	-1	seq02	seq1	
696420	696962	2322530	2321988	543	543	90.44	944336	5295158	0.06	0.01	1	-1	seq02	seq1	
695074	695492	2322947	2322529	419	419	92.84	944336	5295158	0.04	0.01	1	-1	seq02	seq1	
686903	694952	2333148	2325049	8050	8100	93.23	944336	5295158	0.85	0.15	1	-1	seq02	seq1	
685443	686274	2334893	2334062	832	832	89.56	944336	5295158	0.09	0.02	1	-1	seq02	seq1	
684493	685002	2335875	2335366	510	510	91.98	944336	5295158	0.05	0.01	1	-1	seq02	seq1	
675945	684159	2344835	2336619	8215	8217	93.85	944336	5295158	0.87	0.16	1	-1	seq02	seq1	
673582	673741	2345338	2345179	160	160	87.50	944336	5295158	0.02	0.00	1	-1	seq02	seq1	
667664	673233	2351021	2345445	5570	5577	93.19	944336	5295158	0.59	0.11	1	-1	seq02	seq1	
661797	666414	2355634	2351019	4618	4616	94.50	944336	5295158	0.49	0.09	1	-1	seq02	seq1	
657465	661681	2360551	2356317	4217	4235	94.69	944336	5295158	0.45	0.08	1	-1	seq02	seq1	
653558	655583	2364756	2362729	2026	2028	94.39	944336	5295158	0.21	0.04	1	-1	seq02	seq1	
652453	653515	2365813	2364752	1063	1062	95.01	944336	5295158	0.11	0.02	1	-1	seq02	seq1	
647038	652287	2372089	2366828	5250	5262	93.84	944336	5295158	0.56	0.10	1	-1	seq02	seq1	
646374	646860	2373451	2372964	487	488	89.55	944336	5295158	0.05	0.01	1	-1	seq02	seq1	
639409	644540	2378604	2373473	5132	5132	93.58	944336	5295158	0.54	0.10	1	-1	seq02	seq1	
620380	627014	2386333	2379755	6635	6579	92.74	944336	5295158	0.70	0.12	1	-1	seq02	seq1	
608468	620301	2398389	2386593	11834	11797	93.21	944336	5295158	1.25	0.22	1	-1	seq02	seq1	
605541	608218	2401078	2398397	2678	2682	93.19	944336	5295158	0.28	0.05	1	-1	seq02	seq1	
601371	603256	2403434	2401546	1886	1889	92.01	944336	5295158	0.20	0.04	1	-1	seq02	seq1	
596859	600438	2407070	2403464	3580	3607	94.75	944336	5295158	0.38	0.07	1	-1	seq02	seq1	
596012	596858	2408110	2407264	847	847	94.46	944336	5295158	0.09	0.02	1	-1	seq02	seq1	
592030	595785	2412061	2408330	3756	3732	91.89	944336	5295158	0.40	0.07	1	-1	seq02	seq1	
591269	592028	2413197	2412435	760	763	93.05	944336	5295158	0.08	0.01	1	-1	seq02	seq1	
582949	591269	2422490	2414001	8321	8490	92.64	944336	5295158	0.88	0.16	1	-1	seq02	seq1	
581568	582859	2424196	2422906	1292	1291	84.52	944336	5295158	0.14	0.02	1	-1	seq02	seq1	
580102	581527	2428557	2427158	1426	1400	92.64	944336	5295158	0.15	0.03	1	-1	seq02	seq1	
573979	576121	2430814	2428657	2143	2158	94.72	944336	5295158	0.23	0.04	1	-1	seq02	seq1	
570976	573968	2433943	2430962	2993	2982	90.53	944336	5295158	0.32	0.06	1	-1	seq02	seq1	
565059	569158	2438881	2434822	4100	4060	92.08	944336	5295158	0.43	0.08	1	-1	seq02	seq1	
563862	564921	2440954	2439897	1060	1058	89.08	944336	5295158	0.11	0.02	1	-1	seq02	seq1	
554806	563720	2452682	2443766	8915	8917	93.32	944336	5295158	0.94	0.17	1	-1	seq02	seq1	
542254	552492	2463062	2452839	10239	10224	94.40	944336	5295158	1.08	0.19	1	-1	seq02	seq1	
541100	542188	2464676	2463587	1089	1090	86.54	944336	5295158	0.12	0.02	1	-1	seq02	seq1	
535850	540970	2469873	2464700	5121	5174	93.59	944336	5295158	0.54	0.10	1	-1	seq02	seq1	
514129	532415	2496434	2478088	18287	18347	93.82	944336	5295158	1.94	0.35	1	-1	seq02	seq1	
513924	514113	2498544	2498355	190	190	96.84	944336	5295158	0.02	0.00	1	-1	seq02	seq1	
510484	513769	2502839	2499544	3286	3296	94.94	944336	5295158	0.35	0.06	1	-1	seq02	seq1	
509836	510178	2504022	2503681	343	342	90.72	944336	5295158	0.04	0.01	1	-1	seq02	seq1	
501836	508100	2513269	2507013	6265	6257	93.72	944336	5295158	0.66	0.12	1	-1	seq02	seq1	
500628	501584	2517927	2516971	957	957	88.31	944336	5295158	0.10	0.02	1	-1	seq02	seq1	
499908	500562	2519733	2519080	655	654	86.43	944336	5295158	0.07	0.01	1	-1	seq02	seq1	
498504	499906	2521258	2519856	1403	1403	91.30	944336	5295158	0.15	0.03	1	-1	seq02	seq1	
491148	491678	2522058	2521527	531	532	85.34	944336	5295158	0.06	0.01	1	-1	seq02	seq1	
489481	490161	2522946	2522268	681	679	92.36	944336	5295158	0.07	0.01	1	-1	seq02	seq1	
483173	489313	2529220	2523037	6141	6184	90.58	944336	5295158	0.65	0.12	1	-1	seq02	seq1	
476765	483173	2535740	2529330	6409	6411	93.05	944336	5295158	0.68	0.12	1	-1	seq02	seq1	
463106	476250	2550560	2537428	13145	13133	95.72	944336	5295158	1.39	0.25	1	-1	seq02	seq1	
420376	427343	2558300	2551325	6968	6976	93.43	944336	5295158	0.74	0.13	1	-1	seq02	seq1	
419575	420235	2576589	2575928	661	662	91.54	944336	5295158	0.07	0.01	1	-1	seq02	seq1	
416473	419578	2580977	2577856	3106	3122	95.01	944336	5295158	0.33	0.06	1	-1	seq02	seq1	
403024	415374	2593075	2580731	12351	12345	91.61	944336	5295158	1.31	0.23	1	-1	seq02	seq1	
400988	402792	2595625	2593808	1805	1818	92.81	944336	5295158	0.19	0.03	1	-1	seq02	seq1	
398125	400987	2598712	2595840	2863	2873	93.22	944336	5295158	0.30	0.05	1	-1	seq02	seq1	
397369	398122	2600976	2600222	754	755	89.93	944336	5295158	0.08	0.01	1	-1	seq02	seq1	
396112	396582	2603724	2603252	471	473	90.91	944336	5295158	0.05	0.01	1	-1	seq02	seq1	
380683	396052	2621441	2606093	15370	15349	93.47	944336	5295158	1.63	0.29	1	-1	seq02	seq1	
379621	380691	2624042	2622975	1071	1068	88.07	944336	5295158	0.11	0.02	1	-1	seq02	seq1	
378715	379508	2625006	2624215	794	792	81.10	944336	5295158	0.08	0.01	1	-1	seq02	seq1	
375668	377838	2629880	2627710	2171	2171	92.96	944336	5295158	0.23	0.04	1	-1	seq02	seq1	
363225	375657	2642446	2629998	12433	12449	92.04	944336	5295158	1.32	0.24	1	-1	seq02	seq1	
356192	359421	2645754	2642523	3230	3232	94.37	944336	5295158	0.34	0.06	1	-1	seq02	seq1	
346054	356199	2716633	2706464	10146	10170	93.05	944336	5295158	1.07	0.19	1	-1	seq02	seq1	
341179	345464	2720933	2716658	4286	4276	93.33	944336	5295158	0.45	0.08	1	-1	seq02	seq1	
340005	340465	2721389	2720935	461	455	86.33	944336	5295158	0.05	0.01	1	-1	seq02	seq1	
335482	338887	2727620	2724222	3406	3399	86.51	944336	5295158	0.36	0.06	1	-1	seq02	seq1	
332578	334942	2730034	2727669	2365	2366	93.79	944336	5295158	0.25	0.04	1	-1	seq02	seq1	
329190	332577	2735250	2731867	3388	3384	89.28	944336	5295158	0.36	0.06	1	-1	seq02	seq1	
295990	327854	2767138	2735216	31865	31923	92.67	944336	5295158	3.37	0.60	1	-1	seq02	seq1	
288789	295122	2773489	2767155	6334	6335	95.90	944336	5295158	0.67	0.12	1	-1	seq02	seq1	
273853	288770	2788555	2773626	14918	14930	94.58	944336	5295158	1.58	0.28	1	-1	seq02	seq1	
269838	273855	2794443	2790404	4018	4040	91.90	944336	5295158	0.43	0.08	1	-1	seq02	seq1	
268691	269597	2796484	2795572	907	913	92.00	944336	5295158	0.10	0.02	1	-1	seq02	seq1	
267838	268417	2798073	2797494	580	580	92.41	944336	5295158	0.06	0.01	1	-1	seq02	seq1	
266833	267762	2801680	2800696	930	985	87.11	944336	5295158	0.10	0.02	1	-1	seq02	seq1	
265987	266635	2802329	2801681	649	649	92.62	944336	5295158	0.07	0.01	1	-1	seq02	seq1	
263756	264844	2805701	2804630	1089	1072	87.02	944336	5295158	0.12	0.02	1	-1	seq02	seq1	
261876	262769	2807000	2806110	894	891	92.30	944336	5295158	0.09	0.02	1	-1	seq02	seq1	
261084	261575	2807727	2807257	492	471	88.28	944336	5295158	0.05	0.01	1	-1	seq02	seq1	
238316	252692	2821996	2807624	14377	14373	96.66	944336	5295158	1.52	0.27	1	-1	seq02	seq1	
221710	238110	2838780	2822376	16401	16405	96.55	944336	5295158	1.74	0.31	1	-1	seq02	seq1	
217196	221708	2845210	2840697	4513	4514	93.29	944336	5295158	0.48	0.09	1	-1	seq02	seq1	
217094	217197	2847471	2847368	104	104	97.12	944336	5295158	0.01	0.00	1	-1	seq02	seq1	
216722	217102	2848740	2848359	381	382	89.53	944336	5295158	0.04	0.01	1	-1	seq02	seq1	
209034	216726	2856964	2849248	7693	7717	93.19	944336	5295158	0.81	0.15	1	-1	seq02	seq1	
199967	209037	2866573	2857488	9071	9086	94.45	944336	5295158	0.96	0.17	1	-1	seq02	seq1	
181479	199967	2885982	2867513	18489	18470	95.31	944336	5295158	1.96	0.35	1	-1	seq02	seq1	
166388	181119	2900725	2885996	14732	14730	93.73	944336	5295158	1.56	0.28	1	-1	seq02	seq1	
160137	161579	2902166	2900725	1443	1442	96.12	944336	5295158	0.15	0.03	1	-1	seq02	seq1	
136776	138444	2903859	2902191	1669	1669	92.69	944336	5295158	0.18	0.03	1	-1	seq02	seq1	
124741	136161	2915348	2903976	11421	11373	92.96	944336	5295158	1.21	0.21	1	-1	seq02	seq1	
119005	123929	2920432	2915508	4925	4925	95.70	944336	5295158	0.52	0.09	1	-1	seq02	seq1	
111829	116978	2925674	2920515	5150	5160	95.72	944336	5295158	0.55	0.10	1	-1	seq02	seq1	
109258	109718	2926174	2925715	461	460	93.28	944336	5295158	0.05	0.01	1	-1	seq02	seq1	
105235	109105	2930867	2926998	3871	3870	95.43	944336	5295158	0.41	0.07	1	-1	seq02	seq1	
95016	103322	2939180	2930864	8307	8317	94.30	944336	5295158	0.88	0.16	1	-1	seq02	seq1	
79254	94762	2955649	2940154	15509	15496	94.55	944336	5295158	1.64	0.29	1	-1	seq02	seq1	
70638	77748	2963007	2955825	7111	7183	93.54	944336	5295158	0.75	0.14	1	-1	seq02	seq1	
66990	70624	2969096	2965460	3635	3637	93.16	944336	5295158	0.38	0.07	1	-1	seq02	seq1	
58949	66441	2976624	2969124	7493	7501	96.17	944336	5295158	0.79	0.14	1	-1	seq02	seq1	
55331	56255	2979895	2978971	925	925	95.14	944336	5295158	0.10	0.02	1	-1	seq02	seq1	
42361	55330	2993327	2980380	12970	12948	92.88	944336	5295158	1.37	0.24	1	-1	seq02	seq1	
7586	42361	3032472	2997590	34776	34883	94.86	944336	5295158	3.68	0.66	1	-1	seq02	seq1	
200917	218072	3049677	3032497	17156	17181	94.95	218117	5295158	7.87	0.32	1	-1	seq07	seq1	
199333	200761	3051108	3049680	1429	1429	94.76	218117	5295158	0.66	0.03	1	-1	seq07	seq1	
190083	199409	3062131	3052791	9327	9341	94.58	218117	5295158	4.28	0.18	1	-1	seq07	seq1	
180424	190089	3073235	3063549	9666	9687	94.89	218117	5295158	4.43	0.18	1	-1	seq07	seq1	
165634	180224	3088094	3073519	14591	14576	94.96	218117	5295158	6.69	0.28	1	-1	seq07	seq1	
161730	165487	3091998	3088246	3758	3753	92.24	218117	5295158	1.72	0.07	1	-1	seq07	seq1	
160672	161728	3093637	3092583	1057	1055	95.65	218117	5295158	0.48	0.02	1	-1	seq07	seq1	
151667	159963	3107766	3099386	8297	8381	93.27	218117	5295158	3.80	0.16	1	-1	seq07	seq1	
149263	151667	3110325	3107862	2405	2464	91.56	218117	5295158	1.10	0.05	1	-1	seq07	seq1	
143181	149068	3121934	3116047	5888	5888	95.81	218117	5295158	2.70	0.11	1	-1	seq07	seq1	
140855	143041	3124234	3122062	2187	2173	92.74	218117	5295158	1.00	0.04	1	-1	seq07	seq1	
133865	140554	3131087	3124365	6690	6723	93.90	218117	5295158	3.07	0.13	1	-1	seq07	seq1	
130165	133773	3136691	3133080	3609	3612	95.13	218117	5295158	1.65	0.07	1	-1	seq07	seq1	
123977	128798	3141546	3136727	4822	4820	92.08	218117	5295158	2.21	0.09	1	-1	seq07	seq1	
121317	121973	3143230	3142574	657	657	97.72	218117	5295158	0.30	0.01	1	-1	seq07	seq1	
118151	121321	3146547	3143378	3171	3170	94.58	218117	5295158	1.45	0.06	1	-1	seq07	seq1	
108808	117055	3154825	3146593	8248	8233	94.48	218117	5295158	3.78	0.16	1	-1	seq07	seq1	
105662	108669	3169978	3166970	3008	3009	93.30	218117	5295158	1.38	0.06	1	-1	seq07	seq1	
96460	103150	3176760	3170060	6691	6701	92.47	218117	5295158	3.07	0.13	1	-1	seq07	seq1	
91293	96440	3182711	3177564	5148	5148	95.28	218117	5295158	2.36	0.10	1	-1	seq07	seq1	
35486	36335	3183697	3182865	850	833	90.98	94953	5295158	0.90	0.02	1	-1	seq10	seq1	
33070	34608	3185269	3183714	1539	1556	82.60	94953	5295158	1.62	0.03	1	-1	seq10	seq1	
74568	91117	3201814	3185263	16550	16552	93.49	218117	5295158	7.59	0.31	1	-1	seq07	seq1	
67466	69248	3203600	3201806	1783	1795	92.20	218117	5295158	0.82	0.03	1	-1	seq07	seq1	
63190	65471	3205903	3203622	2282	2282	94.92	218117	5295158	1.05	0.04	1	-1	seq07	seq1	
60704	63051	3208426	3206079	2348	2348	93.78	218117	5295158	1.08	0.04	1	-1	seq07	seq1	
46084	60375	3224136	3209819	14292	14318	92.85	218117	5295158	6.55	0.27	1	-1	seq07	seq1	
43852	45155	3225459	3224151	1304	1309	88.45	218117	5295158	0.60	0.02	1	-1	seq07	seq1	
37161	41684	3230822	3226331	4524	4492	91.80	218117	5295158	2.07	0.08	1	-1	seq07	seq1	
35047	37161	3233024	3230910	2115	2115	96.55	218117	5295158	0.97	0.04	1	-1	seq07	seq1	
25940	35047	3242263	3233177	9108	9087	93.54	218117	5295158	4.18	0.17	1	-1	seq07	seq1	
24569	25921	3245621	3244270	1353	1352	90.84	218117	5295158	0.62	0.03	1	-1	seq07	seq1	
23561	24441	3246600	3245720	881	881	90.58	218117	5295158	0.40	0.02	1	-1	seq07	seq1	
19785	21934	3248897	3246748	2150	2150	90.63	218117	5295158	0.99	0.04	1	-1	seq07	seq1	
17809	19667	3251404	3249522	1859	1883	87.54	218117	5295158	0.85	0.04	1	-1	seq07	seq1	
11048	17159	3258198	3252051	6112	6148	92.51	218117	5295158	2.80	0.12	1	-1	seq07	seq1	
10294	10926	3258828	3258198	633	631	89.61	218117	5295158	0.29	0.01	1	-1	seq07	seq1	
9741	10175	3259360	3258935	435	426	83.52	218117	5295158	0.20	0.01	1	-1	seq07	seq1	
1	1387	3268837	3270222	1387	1386	97.48	1387	5295158	100.00	0.03	1	1	seq19	seq1	[CONTAINED]
1	9597	3268962	3259361	9597	9602	95.62	218117	5295158	4.40	0.18	1	-1	seq07	seq1	
1	3990	3270096	3274087	3990	3992	93.60	936892	5295158	0.43	0.08	1	1	seq03	seq1	
4077	13800	3275161	3284880	9724	9720	92.92	936892	5295158	1.04	0.18	1	1	seq03	seq1	
13812	15184	3285316	3286686	1373	1371	91.99	936892	5295158	0.15	0.03	1	1	seq03	seq1	
17087	17782	3286684	3287379	696	696	96.26	936892	5295158	0.07	0.01	1	1	seq03	seq1	
17780	22694	3288722	3293636	4915	4915	95.22	936892	5295158	0.52	0.09	1	1	seq03	seq1	
22695	27247	3293790	3298416	4553	4627	93.18	936892	5295158	0.49	0.09	1	1	seq03	seq1	
27246	27820	3299432	3300006	575	575	94.79	936892	5295158	0.06	0.01	1	1	seq03	seq1	
27819	38104	3301088	3311443	10286	10356	93.03	936892	5295158	1.10	0.20	1	1	seq03	seq1	
38875	56695	3312259	3330067	17821	17809	94.65	936892	5295158	1.90	0.34	1	1	seq03	seq1	
56707	59599	3331107	3333999	2893	2893	94.48	936892	5295158	0.31	0.05	1	1	seq03	seq1	
59755	61047	3342830	3344123	1293	1294	91.81	936892	5295158	0.14	0.02	1	1	seq03	seq1	
62118	75648	3345718	3359244	13531	13527	95.18	936892	5295158	1.44	0.26	1	1	seq03	seq1	
75876	76098	3359733	3359955	223	223	86.22	936892	5295158	0.02	0.00	1	1	seq03	seq1	
88046	88998	3361404	3362355	953	952	88.58	936892	5295158	0.10	0.02	1	1	seq03	seq1	
89255	91684	3362536	3364926	2430	2391	90.25	936892	5295158	0.26	0.05	1	1	seq03	seq1	
92546	101942	3365704	3375115	9397	9412	92.08	936892	5295158	1.00	0.18	1	1	seq03	seq1	
103136	113219	3376364	3386510	10084	10147	89.59	936892	5295158	1.08	0.19	1	1	seq03	seq1	
113325	170018	3386625	3443328	56694	56704	92.68	936892	5295158	6.05	1.07	1	1	seq03	seq1	
170018	175221	3443481	3448624	5204	5144	94.20	936892	5295158	0.56	0.10	1	1	seq03	seq1	
175342	186333	3448624	3459553	10992	10930	95.02	936892	5295158	1.17	0.21	1	1	seq03	seq1	
187720	205380	3459600	3477315	17661	17716	95.67	936892	5295158	1.89	0.33	1	1	seq03	seq1	
205563	261334	3477498	3533229	55772	55732	95.40	936892	5295158	5.95	1.05	1	1	seq03	seq1	
261496	280031	3533254	3551786	18536	18533	95.04	936892	5295158	1.98	0.35	1	1	seq03	seq1	
280096	287078	3551780	3558786	6983	7007	95.19	936892	5295158	0.75	0.13	1	1	seq03	seq1	
287104	348404	3559244	3620682	61301	61439	95.05	936892	5295158	6.54	1.16	1	1	seq03	seq1	
349088	375981	3621409	3648292	26894	26884	94.48	936892	5295158	2.87	0.51	1	1	seq03	seq1	
375982	376341	3648669	3649028	360	360	97.50	936892	5295158	0.04	0.01	1	1	seq03	seq1	
377447	444506	3649032	3716096	67060	67065	95.71	936892	5295158	7.16	1.27	1	1	seq03	seq1	
444724	448816	3716324	3720413	4093	4090	96.21	936892	5295158	0.44	0.08	1	1	seq03	seq1	
450011	450593	3720494	3721076	583	583	86.86	936892	5295158	0.06	0.01	1	1	seq03	seq1	
453232	465530	3722448	3734738	12299	12291	95.28	936892	5295158	1.31	0.23	1	1	seq03	seq1	
465526	468790	3735416	3738672	3265	3257	92.47	936892	5295158	0.35	0.06	1	1	seq03	seq1	
468922	483251	3739747	3754018	14330	14272	92.84	936892	5295158	1.53	0.27	1	1	seq03	seq1	
483251	483466	3754170	3754380	216	211	87.50	936892	5295158	0.02	0.00	1	1	seq03	seq1	
483569	531415	3755735	3803696	47847	47962	95.64	936892	5295158	5.11	0.91	1	1	seq03	seq1	
531773	538426	3803863	3810511	6654	6649	97.27	936892	5295158	0.71	0.13	1	1	seq03	seq1	
538423	545580	3810979	3818142	7158	7164	94.67	936892	5295158	0.76	0.14	1	1	seq03	seq1	
545691	547380	3828510	3830199	1690	1690	96.33	936892	5295158	0.18	0.03	1	1	seq03	seq1	
547614	549213	3830348	3831961	1600	1614	82.70	936892	5295158	0.17	0.03	1	1	seq03	seq1	
549291	563273	3832433	3846416	13983	13984	94.53	936892	5295158	1.49	0.26	1	1	seq03	seq1	
563273	572307	3846515	3855549	9035	9035	95.42	936892	5295158	0.96	0.17	1	1	seq03	seq1	
572419	573502	3856108	3857190	1084	1083	91.98	936892	5295158	0.12	0.02	1	1	seq03	seq1	
573814	582172	3857978	3866331	8359	8354	96.33	936892	5295158	0.89	0.16	1	1	seq03	seq1	
584274	590047	3866449	3872231	5774	5783	94.57	936892	5295158	0.62	0.11	1	1	seq03	seq1	
590169	593824	3872231	3875912	3656	3682	92.92	936892	5295158	0.39	0.07	1	1	seq03	seq1	
593823	596499	3877799	3880484	2677	2686	93.15	936892	5295158	0.29	0.05	1	1	seq03	seq1	
596494	596801	3881584	3881886	308	303	94.82	936892	5295158	0.03	0.01	1	1	seq03	seq1	
608997	615666	3883414	3890024	6670	6611	94.31	936892	5295158	0.71	0.12	1	1	seq03	seq1	
616144	620448	3890060	3894492	4305	4433	92.01	936892	5295158	0.46	0.08	1	1	seq03	seq1	
622870	624201	3894494	3895905	1332	1412	86.27	936892	5295158	0.14	0.03	1	1	seq03	seq1	
624340	637363	3895996	3908982	13024	12987	94.74	936892	5295158	1.39	0.25	1	1	seq03	seq1	
639197	640523	3908971	3910302	1327	1332	93.85	936892	5295158	0.14	0.03	1	1	seq03	seq1	
641706	641856	3910801	3910950	151	150	92.72	936892	5295158	0.02	0.00	1	1	seq03	seq1	
642567	656075	3910969	3924526	13509	13558	95.47	936892	5295158	1.44	0.26	1	1	seq03	seq1	
660483	663772	3924656	3927943	3290	3288	95.14	936892	5295158	0.35	0.06	1	1	seq03	seq1	
663772	669331	3928095	3933636	5560	5542	96.48	936892	5295158	0.59	0.10	1	1	seq03	seq1	
669830	672333	3933626	3936128	2504	2503	94.25	936892	5295158	0.27	0.05	1	1	seq03	seq1	
673778	676081	3936741	3939021	2304	2281	92.93	936892	5295158	0.25	0.04	1	1	seq03	seq1	
678198	681565	3940962	3944329	3368	3368	94.69	936892	5295158	0.36	0.06	1	1	seq03	seq1	
683479	685382	3944328	3946231	1904	1904	95.06	936892	5295158	0.20	0.04	1	1	seq03	seq1	
685384	686353	3946358	3947327	970	970	98.25	936892	5295158	0.10	0.02	1	1	seq03	seq1	
686435	687473	3948464	3949501	1039	1038	93.36	936892	5295158	0.11	0.02	1	1	seq03	seq1	
687577	700571	3952444	3965436	12995	12993	94.62	936892	5295158	1.39	0.25	1	1	seq03	seq1	
700927	701961	3967003	3968037	1035	1035	95.17	936892	5295158	0.11	0.02	1	1	seq03	seq1	
702011	703988	3968867	3970853	1978	1987	93.91	936892	5295158	0.21	0.04	1	1	seq03	seq1	
704353	705522	3970844	3972000	1170	1157	94.11	936892	5295158	0.12	0.02	1	1	seq03	seq1	
705998	708423	3972144	3974571	2426	2428	94.90	936892	5295158	0.26	0.05	1	1	seq03	seq1	
710533	711415	3976834	3977716	883	883	94.93	936892	5295158	0.09	0.02	1	1	seq03	seq1	
712974	717257	3977956	3982251	4284	4296	94.83	936892	5295158	0.46	0.08	1	1	seq03	seq1	
717390	720052	3982259	3984897	2663	2639	92.42	936892	5295158	0.28	0.05	1	1	seq03	seq1	
720717	721228	3984993	3985509	512	517	86.87	936892	5295158	0.05	0.01	1	1	seq03	seq1	
724459	726042	3985842	3987426	1584	1585	94.70	936892	5295158	0.17	0.03	1	1	seq03	seq1	
727616	732749	3987440	3992585	5134	5146	91.75	936892	5295158	0.55	0.10	1	1	seq03	seq1	
732983	734652	3998621	4000288	1670	1668	94.37	936892	5295158	0.18	0.03	1	1	seq03	seq1	
736101	738848	4001946	4004688	2748	2743	92.70	936892	5295158	0.29	0.05	1	1	seq03	seq1	
747011	751827	4025559	4030373	4817	4815	92.86	936892	5295158	0.51	0.09	1	1	seq03	seq1	
764920	772355	4053678	4061156	7436	7479	93.81	936892	5295158	0.79	0.14	1	1	seq03	seq1	
772339	774894	4061331	4063895	2556	2565	96.57	936892	5295158	0.27	0.05	1	1	seq03	seq1	
777592	784511	4063978	4070906	6920	6929	91.82	936892	5295158	0.74	0.13	1	1	seq03	seq1	
784622	784897	4071023	4071301	276	279	83.99	936892	5295158	0.03	0.01	1	1	seq03	seq1	
785022	785887	4071441	4072297	866	857	86.91	936892	5295158	0.09	0.02	1	1	seq03	seq1	
786094	793882	4072504	4080282	7789	7779	95.95	936892	5295158	0.83	0.15	1	1	seq03	seq1	
793872	794500	4080449	4081078	629	630	95.71	936892	5295158	0.07	0.01	1	1	seq03	seq1	
794495	796751	4081793	4084048	2257	2256	94.15	936892	5295158	0.24	0.04	1	1	seq03	seq1	
796780	803012	4090090	4096255	6233	6166	93.55	936892	5295158	0.67	0.12	1	1	seq03	seq1	
802977	803456	4097306	4097785	480	480	96.04	936892	5295158	0.05	0.01	1	1	seq03	seq1	
803265	805354	4098680	4100765	2090	2086	90.60	936892	5295158	0.22	0.04	1	1	seq03	seq1	
805490	816234	4100799	4111537	10745	10739	95.63	936892	5295158	1.15	0.20	1	1	seq03	seq1	
816302	830629	4111673	4126000	14328	14328	95.47	936892	5295158	1.53	0.27	1	1	seq03	seq1	
832618	833453	4126053	4126891	836	839	91.67	936892	5295158	0.09	0.02	1	1	seq03	seq1	
836482	838483	4127158	4129106	2002	1949	91.22	936892	5295158	0.21	0.04	1	1	seq03	seq1	
30978	31350	4140254	4139883	373	372	89.81	94953	5295158	0.39	0.01	1	-1	seq10	seq1	
838479	841632	4140396	4143574	3154	3179	93.90	936892	5295158	0.34	0.06	1	1	seq03	seq1	
841636	856285	4144970	4159610	14650	14641	93.55	936892	5295158	1.56	0.28	1	1	seq03	seq1	
857536	863761	4160808	4167040	6226	6233	91.77	936892	5295158	0.66	0.12	1	1	seq03	seq1	
863759	870945	4169096	4176338	7187	7243	93.57	936892	5295158	0.77	0.14	1	1	seq03	seq1	
870950	871393	4176463	4176906	444	444	98.42	936892	5295158	0.05	0.01	1	1	seq03	seq1	
871615	886723	4177010	4192170	15109	15161	94.91	936892	5295158	1.61	0.29	1	1	seq03	seq1	
886968	891254	4193072	4197358	4287	4287	92.27	936892	5295158	0.46	0.08	1	1	seq03	seq1	
893291	903638	4199057	4209441	10348	10385	93.31	936892	5295158	1.10	0.20	1	1	seq03	seq1	
908657	912237	4209442	4213024	3581	3583	95.84	936892	5295158	0.38	0.07	1	1	seq03	seq1	
912621	936892	4218404	4242674	24272	24271	94.63	936892	5295158	2.59	0.46	1	1	seq03	seq1	
1	4120	4247173	4251343	4120	4171	93.88	204682	5295158	2.01	0.08	1	1	seq08	seq1	
4444	18053	4251767	4265374	13610	13608	94.97	204682	5295158	6.65	0.26	1	1	seq08	seq1	
18053	49634	4266916	4298540	31582	31625	95.67	204682	5295158	15.43	0.60	1	1	seq08	seq1	
50042	52762	4298532	4301253	2721	2722	94.97	204682	5295158	1.33	0.05	1	1	seq08	seq1	
52795	67535	4301437	4316184	14741	14748	93.82	204682	5295158	7.20	0.28	1	1	seq08	seq1	
69091	71523	4317731	4320160	2433	2430	94.05	204682	5295158	1.19	0.05	1	1	seq08	seq1	
71650	87126	4320585	4336108	15477	15524	92.44	204682	5295158	7.56	0.29	1	1	seq08	seq1	
5068	5377	4336524	4336215	310	310	88.71	944336	5295158	0.03	0.01	1	-1	seq02	seq1	
87850	105250	4344466	4361777	17401	17312	94.47	204682	5295158	8.50	0.33	1	1	seq08	seq1	
105245	118885	4362359	4376071	13641	13713	95.04	204682	5295158	6.66	0.26	1	1	seq08	seq1	
118872	128262	4376348	4385675	9391	9328	93.29	204682	5295158	4.59	0.18	1	1	seq08	seq1	
129133	164260	4386546	4421648	35128	35103	94.77	204682	5295158	17.16	0.66	1	1	seq08	seq1	
169536	170665	4421653	4422785	1130	1133	95.94	204682	5295158	0.55	0.02	1	1	seq08	seq1	
170667	186334	4422934	4438695	15668	15762	95.13	204682	5295158	7.65	0.30	1	1	seq08	seq1	
189336	189512	4441274	4441450	177	177	91.06	204682	5295158	0.09	0.00	1	1	seq08	seq1	
189569	193419	4460357	4464196	3851	3840	95.85	204682	5295158	1.88	0.07	1	1	seq08	seq1	
193417	204682	4464344	4475624	11266	11281	95.97	204682	5295158	5.50	0.21	1	1	seq08	seq1	
1	35283	4480062	4515371	35283	35310	95.34	238463	5295158	14.80	0.67	1	1	seq06	seq1	
35276	37876	4516427	4519030	2601	2604	92.78	238463	5295158	1.09	0.05	1	1	seq06	seq1	
38051	47854	4519214	4529085	9804	9872	94.67	238463	5295158	4.11	0.19	1	1	seq06	seq1	
85557	99256	4529061	4542804	13700	13744	96.35	238463	5295158	5.75	0.26	1	1	seq06	seq1	
99252	109396	4542950	4553123	10145	10174	95.76	238463	5295158	4.25	0.19	1	1	seq06	seq1	
109388	116812	4553271	4560687	7425	7417	94.86	238463	5295158	3.11	0.14	1	1	seq06	seq1	
116381	130635	4560451	4574783	14255	14333	93.53	238463	5295158	5.98	0.27	1	1	seq06	seq1	
130640	142592	4575545	4587555	11953	12011	94.86	238463	5295158	5.01	0.23	1	1	seq06	seq1	
143668	149147	4588721	4594235	5480	5515	96.12	238463	5295158	2.30	0.10	1	1	seq06	seq1	
149171	150582	4595632	4597043	1412	1412	92.63	238463	5295158	0.59	0.03	1	1	seq06	seq1	
152509	185468	4597079	4629980	32960	32902	94.84	238463	5295158	13.82	0.62	1	1	seq06	seq1	
185658	187006	4630031	4631379	1349	1349	95.11	238463	5295158	0.57	0.03	1	1	seq06	seq1	
188069	225871	4633609	4671487	37803	37879	96.41	238463	5295158	15.85	0.72	1	1	seq06	seq1	
225877	237872	4671794	4683786	11996	11993	97.31	238463	5295158	5.03	0.23	1	1	seq06	seq1	
1	4464	4704700	4709185	4464	4486	95.39	8671	5295158	51.48	0.08	1	1	seq16	seq1	
290554	291758	4704800	4703596	1205	1205	99.92	291758	5295158	0.41	0.02	1	-1	seq04	seq1	
5579	6629	4710247	4711298	1051	1052	94.12	8671	5295158	12.12	0.02	1	1	seq16	seq1	
7355	8671	4711299	4712614	1317	1316	97.27	8671	5295158	15.19	0.02	1	1	seq16	seq1	
1	278	4724410	4724689	278	280	95.36	5329	5295158	5.22	0.01	1	1	seq17	seq1	
1	15801	4740159	4724407	15801	15753	95.79	15801	5295158	100.00	0.30	1	-1	seq14	seq1	[CONTAINED]
1	286	4740332	4740047	286	286	99.65	286	5295158	100.00	0.01	1	-1	seq27	seq1	[CONTAINED]
1	14431	4744935	4759363	14431	14429	97.80	96733	5295158	14.92	0.27	1	1	seq09	seq1	
14580	15987	4759363	4760769	1408	1407	93.40	96733	5295158	1.46	0.03	1	1	seq09	seq1	
16009	27856	4762313	4774145	11848	11833	96.10	96733	5295158	12.25	0.22	1	1	seq09	seq1	
27854	28180	4775865	4776190	327	326	95.41	96733	5295158	0.34	0.01	1	1	seq09	seq1	
28412	34474	4781632	4787702	6063	6071	95.08	96733	5295158	6.27	0.11	1	1	seq09	seq1	
34580	40254	4789393	4795070	5675	5678	94.49	96733	5295158	5.87	0.11	1	1	seq09	seq1	
40254	42839	4795195	4797780	2586	2586	95.17	96733	5295158	2.67	0.05	1	1	seq09	seq1	
42835	51421	4797926	4806509	8587	8584	95.33	96733	5295158	8.88	0.16	1	1	seq09	seq1	
51421	53709	4806662	4808952	2289	2291	95.94	96733	5295158	2.37	0.04	1	1	seq09	seq1	
54943	62212	4808945	4816197	7270	7253	93.05	96733	5295158	7.52	0.14	1	1	seq09	seq1	
62227	67505	4816717	4821992	5279	5276	94.77	96733	5295158	5.46	0.10	1	1	seq09	seq1	
68403	69380	4822894	4823871	978	978	88.85	96733	5295158	1.01	0.02	1	1	seq09	seq1	
72156	79947	4823875	4831634	7792	7760	92.04	96733	5295158	8.06	0.15	1	1	seq09	seq1	
87005	96733	4831645	4841374	9729	9730	97.22	96733	5295158	10.06	0.18	1	1	seq09	seq1	
1	58607	4904445	4845829	58607	58617	98.72	58607	5295158	100.00	1.11	1	-1	seq11	seq1	[CONTAINED]
148	230	4909026	4909108	83	83	100.00	517	5295158	16.05	0.00	1	1	seq21	seq1	
1	43619	4914560	4958229	43619	43670	97.39	48513	5295158	89.91	0.82	1	1	seq12	seq1	
43619	48513	4958382	4963277	4895	4896	97.61	48513	5295158	10.09	0.09	1	1	seq12	seq1	
1	14901	4967915	4982784	14901	14870	97.09	14901	5295158	100.00	0.28	1	1	seq15	seq1	[CONTAINED]
260434	291758	5017674	4986342	31325	31333	97.27	291758	5295158	10.74	0.59	1	-1	seq04	seq1	
252816	260315	5025171	5017671	7500	7501	97.20	291758	5295158	2.57	0.14	1	-1	seq04	seq1	
175248	252724	5103573	5025870	77477	77704	94.89	291758	5295158	26.56	1.47	1	-1	seq04	seq1	
165961	174528	5112200	5103627	8568	8574	95.91	291758	5295158	2.94	0.16	1	-1	seq04	seq1	
159029	165742	5118924	5112232	6714	6693	95.76	291758	5295158	2.30	0.13	1	-1	seq04	seq1	
153714	158939	5124361	5119136	5226	5226	96.25	291758	5295158	1.79	0.10	1	-1	seq04	seq1	
151336	153492	5126562	5124405	2157	2158	89.50	291758	5295158	0.74	0.04	1	-1	seq04	seq1	
149462	151374	5139185	5137280	1913	1906	93.07	291758	5295158	0.66	0.04	1	-1	seq04	seq1	
135703	140963	5144460	5139182	5261	5279	91.18	291758	5295158	1.80	0.10	1	-1	seq04	seq1	
114695	135053	5165544	5145173	20359	20372	96.51	291758	5295158	6.98	0.38	1	-1	seq04	seq1	
112850	114605	5167539	5165732	1756	1808	95.13	291758	5295158	0.60	0.03	1	-1	seq04	seq1	
111572	112968	5169065	5167669	1397	1397	97.49	291758	5295158	0.48	0.03	1	-1	seq04	seq1	
105750	111572	5175015	5169190	5823	5826	96.76	291758	5295158	2.00	0.11	1	-1	seq04	seq1	
93305	105743	5187664	5175147	12439	12518	97.35	291758	5295158	4.26	0.24	1	-1	seq04	seq1	
85359	93310	5195869	5187902	7952	7968	93.57	291758	5295158	2.73	0.15	1	-1	seq04	seq1	
76288	85604	5205128	5195822	9317	9307	94.86	291758	5295158	3.19	0.18	1	-1	seq04	seq1	
72525	76136	5208740	5205128	3612	3613	97.45	291758	5295158	1.24	0.07	1	-1	seq04	seq1	
68314	72487	5214690	5210521	4174	4170	94.63	291758	5295158	1.43	0.08	1	-1	seq04	seq1	
65954	67602	5216417	5214769	1649	1649	98.48	291758	5295158	0.57	0.03	1	-1	seq04	seq1	
48993	49718	5229234	5228510	726	725	93.41	291758	5295158	0.25	0.01	1	-1	seq04	seq1	
47134	48044	5230268	5229358	911	911	93.42	291758	5295158	0.31	0.02	1	-1	seq04	seq1	
40445	46969	5237922	5231402	6525	6521	96.26	291758	5295158	2.24	0.12	1	-1	seq04	seq1	
39321	39518	5238112	5237912	198	201	91.54	291758	5295158	0.07	0.00	1	-1	seq04	seq1	
37307	39319	5241653	5239641	2013	2013	95.68	291758	5295158	0.69	0.04	1	-1	seq04	seq1	
35925	37104	5243049	5241856	1180	1194	85.12	291758	5295158	0.40	0.02	1	-1	seq04	seq1	
27679	35414	5252023	5244251	7736	7773	95.12	291758	5295158	2.65	0.15	1	-1	seq04	seq1	
585	25766	5279087	5253939	25182	25149	94.69	291758	5295158	8.63	0.47	1	-1	seq04	seq1	
79937	85655	10738	16433	5719	5696	97.13	96733	402605	5.91	1.41	1	1	seq09	seq2	
85655	86797	18451	19596	1143	1146	92.76	96733	402605	1.18	0.28	1	1	seq09	seq2	
128895	129985	48242	47148	1091	1095	83.03	218117	402605	0.50	0.27	1	-1	seq07	seq2	
1680808	1681315	92286	91783	508	504	88.58	1770352	402605	0.03	0.13	1	-1	seq01	seq2	
578034	579612	139653	138082	1579	1572	85.23	944336	402605	0.17	0.39	1	-1	seq02	seq2	
10404	11639	184058	182829	1236	1230	81.42	204682	402605	0.60	0.31	1	-1	seq08	seq2	
1623311	1625809	215872	213376	2499	2497	94.77	1770352	402605	0.14	0.62	1	-1	seq01	seq2	
1623041	1623303	216481	216219	263	263	84.91	1770352	402605	0.01	0.07	1	-1	seq01	seq2	
65565	67061	219467	217971	1497	1497	91.00	218117	402605	0.69	0.37	1	-1	seq07	seq2	
761843	762704	250453	249591	862	863	94.44	936892	402605	0.09	0.21	1	-1	seq03	seq2	
427871	439586	292884	281166	11716	11719	94.24	944336	402605	1.24	2.91	1	-1	seq02	seq2	
1164814	1165159	324071	323726	346	346	89.34	1770352	402605	0.02	0.09	1	-1	seq01	seq2	
3853	5080	347337	346131	1228	1207	91.23	944336	402605	0.13	0.30	1	-1	seq02	seq2	
2144	2787	348134	347492	644	643	90.22	944336	402605	0.07	0.16	1	-1	seq02	seq2	
76131	76288	375858	375701	158	158	96.84	291758	402605	0.05	0.04	1	-1	seq04	seq2	
70680	71346	379797	380463	667	667	84.90	238463	402605	0.28	0.17	1	1	seq06	seq2	
72070	72166	381640	381736	97	97	97.94	238463	402605	0.04	0.02	1	1	seq06	seq2	
709411	710283	399198	398326	873	873	90.72	936892	402605	0.09	0.22	1	-1	seq03	seq2	
