1	760	271587	272346	760	760	99.74	760	5295158	100.00	0.01	1	1	seq25	seq1	[CONTAINED]
1	255	271587	271841	255	255	99.61	255	5295158	100.00	0.00	1	1	seq43	seq1	[CONTAINED]
1	255	271596	271850	255	255	99.61	255	5295158	100.00	0.00	1	1	seq41	seq1	[CONTAINED]
1	649	272868	272220	649	649	100.00	649	5295158	100.00	0.01	1	-1	seq26	seq1	[CONTAINED]
1	2336	272870	275205	2336	2336	99.91	2336	5295158	100.00	0.04	1	1	seq21	seq1	[CONTAINED]
1	255	272996	272742	255	255	100.00	255	5295158	100.00	0.00	1	-1	seq40	seq1	[CONTAINED]
1	608	275292	275899	608	608	99.84	608	5295158	100.00	0.01	1	1	seq27	seq1	[CONTAINED]
1	274	275403	275129	274	275	98.55	274	5295158	100.00	0.01	1	-1	seq39	seq1	[CONTAINED]
1	1436	276011	277449	1436	1439	98.61	1769201	5295158	0.08	0.03	1	1	seq01	seq1	
1740	3282	279153	280696	1543	1544	97.15	1769201	5295158	0.09	0.03	1	1	seq01	seq1	
3570	13139	285496	295064	9570	9569	96.84	1769201	5295158	0.54	0.18	1	1	seq01	seq1	
13209	21427	295904	304185	8219	8282	95.16	1769201	5295158	0.46	0.16	1	1	seq01	seq1	
21431	33657	304305	316543	12227	12239	92.57	1769201	5295158	0.69	0.23	1	1	seq01	seq1	
33657	35010	316695	318048	1354	1354	94.61	1769201	5295158	0.08	0.03	1	1	seq01	seq1	
35032	35782	319580	320330	751	751	95.48	1769201	5295158	0.04	0.01	1	1	seq01	seq1	
35915	44122	320457	328667	8208	8211	91.19	1769201	5295158	0.46	0.16	1	1	seq01	seq1	
44124	48072	329619	333569	3949	3951	92.74	1769201	5295158	0.22	0.07	1	1	seq01	seq1	
48105	49325	335706	336926	1221	1221	91.73	1769201	5295158	0.07	0.02	1	1	seq01	seq1	
52400	55232	337809	340671	2833	2863	93.33	1769201	5295158	0.16	0.05	1	1	seq01	seq1	
55475	59336	340739	344560	3862	3822	92.35	1769201	5295158	0.22	0.07	1	1	seq01	seq1	
59603	68526	344848	353802	8924	8955	93.98	1769201	5295158	0.50	0.17	1	1	seq01	seq1	
68528	69622	353927	355023	1095	1097	95.90	1769201	5295158	0.06	0.02	1	1	seq01	seq1	
69678	76739	355518	362571	7062	7054	95.75	1769201	5295158	0.40	0.13	1	1	seq01	seq1	
76903	88446	366331	377884	11544	11554	95.19	1769201	5295158	0.65	0.22	1	1	seq01	seq1	
88532	91209	378004	380681	2678	2678	94.96	1769201	5295158	0.15	0.05	1	1	seq01	seq1	
92577	94690	388731	390762	2114	2032	91.12	1769201	5295158	0.12	0.04	1	1	seq01	seq1	
94690	107187	390917	403441	12498	12525	95.83	1769201	5295158	0.71	0.24	1	1	seq01	seq1	
107243	123379	404688	420597	16137	15910	92.75	1769201	5295158	0.91	0.30	1	1	seq01	seq1	
123727	131232	421197	428658	7506	7462	92.08	1769201	5295158	0.42	0.14	1	1	seq01	seq1	
131234	131895	429003	429664	662	662	94.11	1769201	5295158	0.04	0.01	1	1	seq01	seq1	
133917	160107	433155	459271	26191	26117	95.35	1769201	5295158	1.48	0.49	1	1	seq01	seq1	
160278	162897	459470	462086	2620	2617	97.33	1769201	5295158	0.15	0.05	1	1	seq01	seq1	
162968	163520	461993	462545	553	553	93.49	1769201	5295158	0.03	0.01	1	1	seq01	seq1	
163512	165044	463484	464998	1533	1515	95.43	1769201	5295158	0.09	0.03	1	1	seq01	seq1	
165046	165396	465108	465458	351	351	91.74	1769201	5295158	0.02	0.01	1	1	seq01	seq1	
165386	165899	465286	465784	514	499	86.85	1769201	5295158	0.03	0.01	1	1	seq01	seq1	
165994	170466	465627	470099	4473	4473	97.68	1769201	5295158	0.25	0.08	1	1	seq01	seq1	
170565	171162	472546	473143	598	598	95.66	1769201	5295158	0.03	0.01	1	1	seq01	seq1	
171190	175658	473638	478106	4469	4469	95.35	1769201	5295158	0.25	0.08	1	1	seq01	seq1	
175763	177875	478308	480415	2113	2108	95.08	1769201	5295158	0.12	0.04	1	1	seq01	seq1	
178209	180096	480421	482304	1888	1884	93.07	1769201	5295158	0.11	0.04	1	1	seq01	seq1	
183227	183553	492833	493162	327	330	86.71	1769201	5295158	0.02	0.01	1	1	seq01	seq1	
183640	188259	494074	498692	4620	4619	95.08	1769201	5295158	0.26	0.09	1	1	seq01	seq1	
188257	191950	499116	502812	3694	3697	96.75	1769201	5295158	0.21	0.07	1	1	seq01	seq1	
191916	218622	504172	530836	26707	26665	96.28	1769201	5295158	1.51	0.50	1	1	seq01	seq1	
219144	225719	530934	537511	6576	6578	95.48	1769201	5295158	0.37	0.12	1	1	seq01	seq1	
226418	232733	538981	545302	6316	6322	95.83	1769201	5295158	0.36	0.12	1	1	seq01	seq1	
232739	246608	546283	560074	13870	13792	96.77	1769201	5295158	0.78	0.26	1	1	seq01	seq1	
246770	254173	560225	567627	7404	7403	97.57	1769201	5295158	0.42	0.14	1	1	seq01	seq1	
254307	277649	567747	591087	23343	23341	97.34	1769201	5295158	1.32	0.44	1	1	seq01	seq1	
279941	288518	591863	600385	8578	8523	96.20	1769201	5295158	0.48	0.16	1	1	seq01	seq1	
288546	305632	607140	624251	17087	17112	95.54	1769201	5295158	0.97	0.32	1	1	seq01	seq1	
307623	315931	624346	632655	8309	8310	95.61	1769201	5295158	0.47	0.16	1	1	seq01	seq1	
319093	341827	632873	655732	22735	22860	95.67	1769201	5295158	1.29	0.43	1	1	seq01	seq1	
354198	403279	657154	706308	49082	49155	96.77	1769201	5295158	2.77	0.93	1	1	seq01	seq1	
403279	417114	706463	720304	13836	13842	94.90	1769201	5295158	0.78	0.26	1	1	seq01	seq1	
417262	418309	720304	721363	1048	1060	94.15	1769201	5295158	0.06	0.02	1	1	seq01	seq1	
418110	418711	721359	721960	602	602	90.70	1769201	5295158	0.03	0.01	1	1	seq01	seq1	
418711	444919	722068	748273	26209	26206	96.61	1769201	5295158	1.48	0.49	1	1	seq01	seq1	
444924	445880	748426	749380	957	955	95.82	1769201	5295158	0.05	0.02	1	1	seq01	seq1	
446002	446789	749676	750461	788	786	90.86	1769201	5295158	0.04	0.01	1	1	seq01	seq1	
446806	490497	752070	795793	43692	43724	95.98	1769201	5295158	2.47	0.83	1	1	seq01	seq1	
490500	499809	797768	807092	9310	9325	94.81	1769201	5295158	0.53	0.18	1	1	seq01	seq1	
500140	500599	807423	807879	460	457	83.98	1769201	5295158	0.03	0.01	1	1	seq01	seq1	
501655	509186	808767	816315	7532	7549	96.86	1769201	5295158	0.43	0.14	1	1	seq01	seq1	
509183	525220	816463	832488	16038	16026	96.17	1769201	5295158	0.91	0.30	1	1	seq01	seq1	
525319	529356	832522	836558	4038	4037	97.23	1769201	5295158	0.23	0.08	1	1	seq01	seq1	
1	289	832650	832362	289	289	96.89	289	5295158	100.00	0.01	1	-1	seq36	seq1	[CONTAINED]
529355	587056	836706	894408	57702	57703	96.37	1769201	5295158	3.26	1.09	1	1	seq01	seq1	
587506	590823	894404	897720	3318	3317	97.14	1769201	5295158	0.19	0.06	1	1	seq01	seq1	
590808	597483	907945	914635	6676	6691	95.43	1769201	5295158	0.38	0.13	1	1	seq01	seq1	
597506	612294	916201	930995	14789	14795	96.11	1769201	5295158	0.84	0.28	1	1	seq01	seq1	
612293	614810	931636	934144	2518	2509	97.93	1769201	5295158	0.14	0.05	1	1	seq01	seq1	
614812	645170	935226	965590	30359	30365	96.74	1769201	5295158	1.72	0.57	1	1	seq01	seq1	
645329	658558	969120	982343	13230	13224	97.58	1769201	5295158	0.75	0.25	1	1	seq01	seq1	
658555	668427	983055	992939	9873	9885	96.55	1769201	5295158	0.56	0.19	1	1	seq01	seq1	
668560	722373	997059	1050896	53814	53838	95.82	1769201	5295158	3.04	1.02	1	1	seq01	seq1	
723508	753957	1053011	1083411	30450	30401	96.50	1769201	5295158	1.72	0.57	1	1	seq01	seq1	
754297	767000	1084557	1097263	12704	12707	94.47	1769201	5295158	0.72	0.24	1	1	seq01	seq1	
767929	793215	1097610	1122956	25287	25347	95.95	1769201	5295158	1.43	0.48	1	1	seq01	seq1	
793284	793976	1123669	1124360	693	692	91.05	1769201	5295158	0.04	0.01	1	1	seq01	seq1	
793986	825003	1126057	1157112	31018	31056	97.13	1769201	5295158	1.75	0.59	1	1	seq01	seq1	
825003	838521	1157232	1170751	13519	13520	97.37	1769201	5295158	0.76	0.26	1	1	seq01	seq1	
838874	850780	1171101	1183012	11907	11912	95.99	1769201	5295158	0.67	0.22	1	1	seq01	seq1	
852036	862637	1183031	1193712	10602	10682	95.94	1769201	5295158	0.60	0.20	1	1	seq01	seq1	
906733	952754	1193700	1239729	46022	46030	97.16	1769201	5295158	2.60	0.87	1	1	seq01	seq1	
953369	957385	1239720	1243733	4017	4014	92.32	1769201	5295158	0.23	0.08	1	1	seq01	seq1	
957611	1037043	1245147	1324550	79433	79404	97.64	1769201	5295158	4.49	1.50	1	1	seq01	seq1	
1037035	1061134	1330548	1354687	24100	24140	93.96	1769201	5295158	1.36	0.46	1	1	seq01	seq1	
1061463	1076989	1354689	1370272	15527	15584	97.45	1769201	5295158	0.88	0.29	1	1	seq01	seq1	
1077091	1082699	1372047	1377573	5609	5527	95.99	1769201	5295158	0.32	0.10	1	1	seq01	seq1	
1082800	1088702	1377703	1383666	5903	5964	93.95	1769201	5295158	0.33	0.11	1	1	seq01	seq1	
1088747	1094546	1383803	1389604	5800	5802	93.57	1769201	5295158	0.33	0.11	1	1	seq01	seq1	
1094539	1099618	1391791	1396883	5080	5093	92.23	1769201	5295158	0.29	0.10	1	1	seq01	seq1	
1099600	1100994	1397894	1399288	1395	1395	84.63	1769201	5295158	0.08	0.03	1	1	seq01	seq1	
1101360	1104303	1403260	1406204	2944	2945	94.13	1769201	5295158	0.17	0.06	1	1	seq01	seq1	
1105035	1118418	1406355	1419732	13384	13378	93.14	1769201	5295158	0.76	0.25	1	1	seq01	seq1	
1118424	1121299	1419904	1422778	2876	2875	96.77	1769201	5295158	0.16	0.05	1	1	seq01	seq1	
1121286	1125229	1423325	1427182	3944	3858	93.46	1769201	5295158	0.22	0.07	1	1	seq01	seq1	
1125332	1136694	1427182	1438573	11363	11392	95.70	1769201	5295158	0.64	0.22	1	1	seq01	seq1	
1136947	1145188	1439762	1447989	8242	8228	95.43	1769201	5295158	0.47	0.16	1	1	seq01	seq1	
1195782	1204843	1451463	1460523	9062	9061	95.36	1769201	5295158	0.51	0.17	1	1	seq01	seq1	
1206149	1221794	1460524	1476161	15646	15638	96.33	1769201	5295158	0.88	0.30	1	1	seq01	seq1	
1221840	1227484	1480870	1486503	5645	5634	93.61	1769201	5295158	0.32	0.11	1	1	seq01	seq1	
1228805	1231149	1487824	1490159	2345	2336	81.77	1769201	5295158	0.13	0.04	1	1	seq01	seq1	
1232187	1245680	1491181	1504754	13494	13574	93.46	1769201	5295158	0.76	0.26	1	1	seq01	seq1	
1245749	1254152	1505322	1513724	8404	8403	93.38	1769201	5295158	0.48	0.16	1	1	seq01	seq1	
1254757	1257037	1513829	1516042	2281	2214	90.03	1769201	5295158	0.13	0.04	1	1	seq01	seq1	
1257042	1258509	1516191	1517658	1468	1468	92.11	1769201	5295158	0.08	0.03	1	1	seq01	seq1	
1258503	1266717	1519982	1528196	8215	8215	92.80	1769201	5295158	0.46	0.16	1	1	seq01	seq1	
1266716	1290789	1529168	1553243	24074	24076	96.26	1769201	5295158	1.36	0.45	1	1	seq01	seq1	
1290788	1296407	1554837	1560459	5620	5623	94.24	1769201	5295158	0.32	0.11	1	1	seq01	seq1	
1297864	1299952	1560454	1562538	2089	2085	92.49	1769201	5295158	0.12	0.04	1	1	seq01	seq1	
1300070	1301902	1562646	1564479	1833	1834	87.04	1769201	5295158	0.10	0.03	1	1	seq01	seq1	
1303979	1305639	1567888	1569548	1661	1661	92.66	1769201	5295158	0.09	0.03	1	1	seq01	seq1	
1305621	1311558	1569946	1575883	5938	5938	96.20	1769201	5295158	0.34	0.11	1	1	seq01	seq1	
1311642	1315497	1577850	1581704	3856	3855	92.46	1769201	5295158	0.22	0.07	1	1	seq01	seq1	
1315497	1331482	1581857	1597859	15986	16003	94.17	1769201	5295158	0.90	0.30	1	1	seq01	seq1	
1331475	1346258	1598004	1612790	14784	14787	93.12	1769201	5295158	0.84	0.28	1	1	seq01	seq1	
1346234	1348608	1613162	1615536	2375	2375	92.21	1769201	5295158	0.13	0.04	1	1	seq01	seq1	
1348650	1353864	1617009	1622222	5215	5214	94.90	1769201	5295158	0.29	0.10	1	1	seq01	seq1	
1353976	1357566	1622598	1626191	3591	3594	94.99	1769201	5295158	0.20	0.07	1	1	seq01	seq1	
1357717	1358616	1628897	1629796	900	900	92.78	1769201	5295158	0.05	0.02	1	1	seq01	seq1	
1358715	1363575	1633914	1638767	4861	4854	93.48	1769201	5295158	0.27	0.09	1	1	seq01	seq1	
1372113	1372689	1648503	1649079	577	577	97.23	1769201	5295158	0.03	0.01	1	1	seq01	seq1	
1372712	1376856	1651662	1655808	4145	4147	92.79	1769201	5295158	0.23	0.08	1	1	seq01	seq1	
1378473	1381634	1657561	1660721	3162	3161	93.96	1769201	5295158	0.18	0.06	1	1	seq01	seq1	
1381761	1383599	1660879	1662717	1839	1839	92.45	1769201	5295158	0.10	0.03	1	1	seq01	seq1	
1385792	1392308	1662725	1669322	6517	6598	92.86	1769201	5295158	0.37	0.12	1	1	seq01	seq1	
1392351	1396988	1674847	1679471	4638	4625	94.09	1769201	5295158	0.26	0.09	1	1	seq01	seq1	
1397696	1404865	1680430	1687588	7170	7159	92.38	1769201	5295158	0.41	0.14	1	1	seq01	seq1	
1404929	1406053	1688786	1689920	1125	1135	89.16	1769201	5295158	0.06	0.02	1	1	seq01	seq1	
1406255	1407405	1690143	1691284	1151	1142	90.98	1769201	5295158	0.07	0.02	1	1	seq01	seq1	
1408661	1413438	1691290	1696081	4778	4792	93.14	1769201	5295158	0.27	0.09	1	1	seq01	seq1	
1415284	1418322	1696141	1699168	3039	3028	94.80	1769201	5295158	0.17	0.06	1	1	seq01	seq1	
1420533	1422697	1699881	1702040	2165	2160	92.34	1769201	5295158	0.12	0.04	1	1	seq01	seq1	
1422922	1425780	1702216	1705073	2859	2858	96.08	1769201	5295158	0.16	0.05	1	1	seq01	seq1	
1425843	1429422	1707328	1710905	3580	3578	95.56	1769201	5295158	0.20	0.07	1	1	seq01	seq1	
1429419	1433644	1711636	1715860	4226	4225	93.05	1769201	5295158	0.24	0.08	1	1	seq01	seq1	
1434415	1435692	1715866	1717175	1278	1310	88.43	1769201	5295158	0.07	0.02	1	1	seq01	seq1	
1435693	1443916	1717321	1725637	8224	8317	90.34	1769201	5295158	0.46	0.16	1	1	seq01	seq1	
1446317	1449327	1726439	1729489	3011	3051	91.27	1769201	5295158	0.17	0.06	1	1	seq01	seq1	
1449264	1459146	1729612	1739520	9883	9909	95.76	1769201	5295158	0.56	0.19	1	1	seq01	seq1	
1459145	1464973	1740272	1746010	5829	5739	90.66	1769201	5295158	0.33	0.11	1	1	seq01	seq1	
1465173	1465630	1746613	1747070	458	458	92.14	1769201	5295158	0.03	0.01	1	1	seq01	seq1	
1469610	1471583	1747093	1749068	1974	1976	93.57	1769201	5295158	0.11	0.04	1	1	seq01	seq1	
1472235	1473123	1749066	1749960	889	895	90.52	1769201	5295158	0.05	0.02	1	1	seq01	seq1	
1473199	1477162	1749791	1753755	3964	3965	93.79	1769201	5295158	0.22	0.07	1	1	seq01	seq1	
1477742	1478548	1754862	1755626	807	765	89.22	1769201	5295158	0.05	0.01	1	1	seq01	seq1	
1483319	1484182	1755851	1756712	864	862	93.87	1769201	5295158	0.05	0.02	1	1	seq01	seq1	
1490230	1491454	1756913	1758130	1225	1218	92.44	1769201	5295158	0.07	0.02	1	1	seq01	seq1	
1493706	1504339	1758251	1768944	10634	10694	92.64	1769201	5295158	0.60	0.20	1	1	seq01	seq1	
1504480	1506844	1768949	1771313	2365	2365	92.44	1769201	5295158	0.13	0.04	1	1	seq01	seq1	
1506997	1511486	1777234	1781766	4490	4533	94.91	1769201	5295158	0.25	0.09	1	1	seq01	seq1	
1511995	1514823	1781756	1784581	2829	2826	92.76	1769201	5295158	0.16	0.05	1	1	seq01	seq1	
1514883	1517376	1789850	1792342	2494	2493	94.03	1769201	5295158	0.14	0.05	1	1	seq01	seq1	
1518635	1524237	1792809	1798408	5603	5600	95.20	1769201	5295158	0.32	0.11	1	1	seq01	seq1	
1525514	1527099	1798735	1800320	1586	1586	95.34	1769201	5295158	0.09	0.03	1	1	seq01	seq1	
1527461	1532443	1800317	1805294	4983	4978	93.39	1769201	5295158	0.28	0.09	1	1	seq01	seq1	
1532611	1533677	1805350	1806416	1067	1067	91.01	1769201	5295158	0.06	0.02	1	1	seq01	seq1	
1533673	1538959	1806562	1811851	5287	5290	94.73	1769201	5295158	0.30	0.10	1	1	seq01	seq1	
1538983	1545323	1813611	1819951	6341	6341	92.77	1769201	5295158	0.36	0.12	1	1	seq01	seq1	
1546503	1548848	1820938	1823284	2346	2347	93.57	1769201	5295158	0.13	0.04	1	1	seq01	seq1	
1549043	1574803	1828649	1854454	25761	25806	94.10	1769201	5295158	1.46	0.49	1	1	seq01	seq1	
1574949	1576334	1854867	1856252	1386	1386	95.53	1769201	5295158	0.08	0.03	1	1	seq01	seq1	
1577599	1578763	1859298	1860460	1165	1163	94.94	1769201	5295158	0.07	0.02	1	1	seq01	seq1	
1579040	1580374	1860697	1862055	1335	1359	91.03	1769201	5295158	0.08	0.03	1	1	seq01	seq1	
1580527	1586010	1863094	1868632	5484	5539	91.00	1769201	5295158	0.31	0.10	1	1	seq01	seq1	
1588001	1589520	1874375	1875893	1520	1519	95.66	1769201	5295158	0.09	0.03	1	1	seq01	seq1	
1591690	1595437	1875875	1879625	3748	3751	93.82	1769201	5295158	0.21	0.07	1	1	seq01	seq1	
1638915	1640926	1880704	1882712	2012	2009	92.66	1769201	5295158	0.11	0.04	1	1	seq01	seq1	
1646620	1647737	1883266	1884382	1118	1117	93.11	1769201	5295158	0.06	0.02	1	1	seq01	seq1	
1650280	1659571	1884379	1893624	9292	9246	93.19	1769201	5295158	0.53	0.17	1	1	seq01	seq1	
1666462	1666554	1896246	1896338	93	93	98.92	1769201	5295158	0.01	0.00	1	1	seq01	seq1	
1666550	1673026	1896486	1902958	6477	6473	93.34	1769201	5295158	0.37	0.12	1	1	seq01	seq1	
1673146	1679471	1903056	1909391	6326	6336	91.48	1769201	5295158	0.36	0.12	1	1	seq01	seq1	
1680323	1686667	1910587	1916944	6345	6358	93.17	1769201	5295158	0.36	0.12	1	1	seq01	seq1	
1688183	1688514	1919142	1919473	332	332	93.37	1769201	5295158	0.02	0.01	1	1	seq01	seq1	
1688961	1689147	1919607	1919793	187	187	96.79	1769201	5295158	0.01	0.00	1	1	seq01	seq1	
1696039	1700365	1920715	1925043	4327	4329	93.53	1769201	5295158	0.24	0.08	1	1	seq01	seq1	
1700385	1701763	1926153	1927533	1379	1381	93.78	1769201	5295158	0.08	0.03	1	1	seq01	seq1	
67611	68912	1933900	1932565	1302	1336	89.98	94933	5295158	1.37	0.03	1	-1	seq09	seq1	
1706874	1710236	1937270	1940620	3363	3351	89.37	1769201	5295158	0.19	0.06	1	1	seq01	seq1	
1710946	1712697	1940665	1942408	1752	1744	84.66	1769201	5295158	0.10	0.03	1	1	seq01	seq1	
1716077	1717114	1948808	1949845	1038	1038	91.04	1769201	5295158	0.06	0.02	1	1	seq01	seq1	
1717148	1718921	1957504	1959268	1774	1765	92.48	1769201	5295158	0.10	0.03	1	1	seq01	seq1	
1719305	1725114	1963987	1969760	5810	5774	91.07	1769201	5295158	0.33	0.11	1	1	seq01	seq1	
1725266	1728600	1974947	1978299	3335	3353	91.16	1769201	5295158	0.19	0.06	1	1	seq01	seq1	
1728673	1732260	1980782	1984305	3588	3524	93.72	1769201	5295158	0.20	0.07	1	1	seq01	seq1	
1732256	1739664	1984404	1991864	7409	7461	93.76	1769201	5295158	0.42	0.14	1	1	seq01	seq1	
1741928	1747953	1992075	1998095	6026	6021	96.95	1769201	5295158	0.34	0.11	1	1	seq01	seq1	
1748152	1756928	1998112	2006893	8777	8782	96.36	1769201	5295158	0.50	0.17	1	1	seq01	seq1	
1756928	1758597	2007064	2008735	1670	1672	97.19	1769201	5295158	0.09	0.03	1	1	seq01	seq1	
1761756	1762709	2008953	2009894	954	942	94.13	1769201	5295158	0.05	0.02	1	1	seq01	seq1	
1764407	1766777	2009902	2012272	2371	2371	96.67	1769201	5295158	0.13	0.04	1	1	seq01	seq1	
1766622	1767121	2029126	2029625	500	500	94.41	1769201	5295158	0.03	0.01	1	1	seq01	seq1	
1767220	1769201	2029768	2031750	1982	1983	97.18	1769201	5295158	0.11	0.04	1	1	seq01	seq1	
149	1054	2033150	2034053	906	904	95.70	35540	5295158	2.55	0.02	1	1	seq15	seq1	
2445	5446	2034217	2037237	3002	3021	93.42	35540	5295158	8.45	0.06	1	1	seq15	seq1	
12134	13210	2037429	2038508	1077	1080	90.76	35540	5295158	3.03	0.02	1	1	seq15	seq1	
13378	20291	2039491	2046403	6914	6913	93.58	35540	5295158	19.45	0.13	1	1	seq15	seq1	
20324	21717	2048432	2049825	1394	1394	91.19	35540	5295158	3.92	0.03	1	1	seq15	seq1	
21720	25356	2049949	2053560	3637	3612	92.90	35540	5295158	10.23	0.07	1	1	seq15	seq1	
25414	26677	2054374	2055637	1264	1264	95.33	35540	5295158	3.56	0.02	1	1	seq15	seq1	
26816	29012	2055743	2057859	2197	2117	90.81	35540	5295158	6.18	0.04	1	1	seq15	seq1	
29024	34782	2058021	2063779	5759	5759	94.22	35540	5295158	16.20	0.11	1	1	seq15	seq1	
942745	943406	2064438	2063777	662	662	93.05	944138	5295158	0.07	0.01	1	-1	seq02	seq1	
936887	942733	2070632	2064827	5847	5806	94.39	944138	5295158	0.62	0.11	1	-1	seq02	seq1	
935479	936637	2072863	2071705	1159	1159	91.39	944138	5295158	0.12	0.02	1	-1	seq02	seq1	
922877	934942	2085932	2073920	12066	12013	94.01	944138	5295158	1.28	0.23	1	-1	seq02	seq1	
914711	921508	2092755	2085950	6798	6806	93.10	944138	5295158	0.72	0.13	1	-1	seq02	seq1	
909823	910896	2094990	2093918	1074	1073	89.02	944138	5295158	0.11	0.02	1	-1	seq02	seq1	
901996	906777	2100922	2096076	4782	4847	90.44	944138	5295158	0.51	0.09	1	-1	seq02	seq1	
898385	901874	2108757	2105269	3490	3489	93.21	944138	5295158	0.37	0.07	1	-1	seq02	seq1	
891290	898308	2115896	2108904	7019	6993	92.70	944138	5295158	0.74	0.13	1	-1	seq02	seq1	
874322	882677	2124380	2116045	8356	8336	94.36	944138	5295158	0.89	0.16	1	-1	seq02	seq1	
869686	874245	2129643	2125075	4560	4569	91.91	944138	5295158	0.48	0.09	1	-1	seq02	seq1	
867819	869539	2131512	2129805	1721	1708	87.92	944138	5295158	0.18	0.03	1	-1	seq02	seq1	
851914	867769	2150187	2134297	15856	15891	94.30	944138	5295158	1.68	0.30	1	-1	seq02	seq1	
850528	851072	2150882	2150338	545	545	91.93	944138	5295158	0.06	0.01	1	-1	seq02	seq1	
838214	850301	2164489	2152405	12088	12085	94.46	944138	5295158	1.28	0.23	1	-1	seq02	seq1	
832239	835274	2168016	2164870	3036	3147	85.02	944138	5295158	0.32	0.06	1	-1	seq02	seq1	
820535	832236	2180307	2168568	11702	11740	94.94	944138	5295158	1.24	0.22	1	-1	seq02	seq1	
814906	820532	2185932	2180413	5627	5520	91.46	944138	5295158	0.60	0.10	1	-1	seq02	seq1	
813447	814833	2187575	2186191	1387	1385	95.29	944138	5295158	0.15	0.03	1	-1	seq02	seq1	
808625	813520	2196558	2191652	4896	4907	96.45	944138	5295158	0.52	0.09	1	-1	seq02	seq1	
806781	807780	2202077	2201081	1000	997	95.10	944138	5295158	0.11	0.02	1	-1	seq02	seq1	
799479	806165	2210351	2203662	6687	6690	92.70	944138	5295158	0.71	0.13	1	-1	seq02	seq1	
795316	799004	2214069	2210367	3689	3703	92.47	944138	5295158	0.39	0.07	1	-1	seq02	seq1	
784729	793060	2223126	2214799	8332	8328	93.91	944138	5295158	0.88	0.16	1	-1	seq02	seq1	
783248	784728	2225520	2224038	1481	1483	91.11	944138	5295158	0.16	0.03	1	-1	seq02	seq1	
782167	782706	2226605	2226062	540	544	88.28	944138	5295158	0.06	0.01	1	-1	seq02	seq1	
778425	781139	2229949	2227235	2715	2715	94.26	944138	5295158	0.29	0.05	1	-1	seq02	seq1	
776032	778414	2232683	2230300	2383	2384	94.59	944138	5295158	0.25	0.05	1	-1	seq02	seq1	
771096	775368	2237663	2233389	4273	4275	94.17	944138	5295158	0.45	0.08	1	-1	seq02	seq1	
769376	771101	2239913	2238168	1726	1746	87.61	944138	5295158	0.18	0.03	1	-1	seq02	seq1	
761955	769264	2247319	2240013	7310	7307	91.52	944138	5295158	0.77	0.14	1	-1	seq02	seq1	
760493	760922	2252356	2251927	430	430	90.93	944138	5295158	0.05	0.01	1	-1	seq02	seq1	
759379	760413	2256243	2255210	1035	1034	95.75	944138	5295158	0.11	0.02	1	-1	seq02	seq1	
754320	759148	2262942	2258107	4829	4836	93.28	944138	5295158	0.51	0.09	1	-1	seq02	seq1	
746328	753376	2269990	2262954	7049	7037	91.73	944138	5295158	0.75	0.13	1	-1	seq02	seq1	
745581	746242	2270909	2270243	662	667	88.52	944138	5295158	0.07	0.01	1	-1	seq02	seq1	
739588	745011	2277403	2271991	5424	5413	94.21	944138	5295158	0.57	0.10	1	-1	seq02	seq1	
722526	739069	2295525	2278974	16544	16552	93.69	944138	5295158	1.75	0.31	1	-1	seq02	seq1	
716078	722434	2302281	2295941	6357	6341	92.83	944138	5295158	0.67	0.12	1	-1	seq02	seq1	
699077	715902	2320213	2303310	16826	16904	93.52	944138	5295158	1.78	0.32	1	-1	seq02	seq1	
698278	698956	2321196	2320516	679	681	89.90	944138	5295158	0.07	0.01	1	-1	seq02	seq1	
696958	697180	2321411	2321189	223	223	94.62	944138	5295158	0.02	0.00	1	-1	seq02	seq1	
696418	696960	2322530	2321988	543	543	90.44	944138	5295158	0.06	0.01	1	-1	seq02	seq1	
695072	695490	2322947	2322529	419	419	92.84	944138	5295158	0.04	0.01	1	-1	seq02	seq1	
686901	694950	2333148	2325049	8050	8100	93.24	944138	5295158	0.85	0.15	1	-1	seq02	seq1	
685441	686272	2334893	2334062	832	832	89.56	944138	5295158	0.09	0.02	1	-1	seq02	seq1	
684492	685001	2335875	2335366	510	510	91.98	944138	5295158	0.05	0.01	1	-1	seq02	seq1	
675944	684158	2344835	2336619	8215	8217	93.88	944138	5295158	0.87	0.16	1	-1	seq02	seq1	
673581	673740	2345338	2345179	160	160	87.50	944138	5295158	0.02	0.00	1	-1	seq02	seq1	
667663	673232	2351021	2345445	5570	5577	93.19	944138	5295158	0.59	0.11	1	-1	seq02	seq1	
661796	666413	2355634	2351019	4618	4616	94.48	944138	5295158	0.49	0.09	1	-1	seq02	seq1	
657463	661680	2360551	2356317	4218	4235	94.71	944138	5295158	0.45	0.08	1	-1	seq02	seq1	
653556	655581	2364756	2362729	2026	2028	94.39	944138	5295158	0.21	0.04	1	-1	seq02	seq1	
652451	653513	2365813	2364752	1063	1062	95.01	944138	5295158	0.11	0.02	1	-1	seq02	seq1	
647037	652285	2372089	2366828	5249	5262	93.84	944138	5295158	0.56	0.10	1	-1	seq02	seq1	
646373	646859	2373451	2372964	487	488	89.55	944138	5295158	0.05	0.01	1	-1	seq02	seq1	
639409	644539	2378604	2373473	5131	5132	93.56	944138	5295158	0.54	0.10	1	-1	seq02	seq1	
620380	627014	2386333	2379755	6635	6579	92.74	944138	5295158	0.70	0.12	1	-1	seq02	seq1	
608469	620301	2398389	2386593	11833	11797	93.20	944138	5295158	1.25	0.22	1	-1	seq02	seq1	
605542	608219	2401078	2398397	2678	2682	93.19	944138	5295158	0.28	0.05	1	-1	seq02	seq1	
601372	603257	2403434	2401546	1886	1889	92.01	944138	5295158	0.20	0.04	1	-1	seq02	seq1	
596833	600439	2407070	2403464	3607	3607	95.93	944138	5295158	0.38	0.07	1	-1	seq02	seq1	
595986	596832	2408110	2407264	847	847	94.34	944138	5295158	0.09	0.02	1	-1	seq02	seq1	
592004	595759	2412061	2408330	3756	3732	91.89	944138	5295158	0.40	0.07	1	-1	seq02	seq1	
591243	592002	2413197	2412435	760	763	93.05	944138	5295158	0.08	0.01	1	-1	seq02	seq1	
582924	591243	2422490	2414001	8320	8490	92.62	944138	5295158	0.88	0.16	1	-1	seq02	seq1	
581543	582834	2424196	2422906	1292	1291	84.52	944138	5295158	0.14	0.02	1	-1	seq02	seq1	
580077	581502	2428557	2427158	1426	1400	92.64	944138	5295158	0.15	0.03	1	-1	seq02	seq1	
573954	576096	2430814	2428657	2143	2158	94.72	944138	5295158	0.23	0.04	1	-1	seq02	seq1	
570951	573943	2433943	2430962	2993	2982	90.53	944138	5295158	0.32	0.06	1	-1	seq02	seq1	
565034	569133	2438881	2434822	4100	4060	92.08	944138	5295158	0.43	0.08	1	-1	seq02	seq1	
563837	564896	2440954	2439897	1060	1058	89.08	944138	5295158	0.11	0.02	1	-1	seq02	seq1	
554781	563695	2452682	2443766	8915	8917	93.35	944138	5295158	0.94	0.17	1	-1	seq02	seq1	
542229	552467	2463062	2452839	10239	10224	94.41	944138	5295158	1.08	0.19	1	-1	seq02	seq1	
541075	542163	2464676	2463587	1089	1090	86.54	944138	5295158	0.12	0.02	1	-1	seq02	seq1	
535825	540945	2469873	2464700	5121	5174	93.59	944138	5295158	0.54	0.10	1	-1	seq02	seq1	
514104	532390	2496434	2478088	18287	18347	93.83	944138	5295158	1.94	0.35	1	-1	seq02	seq1	
513899	514088	2498544	2498355	190	190	96.84	944138	5295158	0.02	0.00	1	-1	seq02	seq1	
510459	513744	2502839	2499544	3286	3296	94.94	944138	5295158	0.35	0.06	1	-1	seq02	seq1	
509811	510153	2504022	2503681	343	342	90.72	944138	5295158	0.04	0.01	1	-1	seq02	seq1	
501811	508075	2513269	2507013	6265	6257	93.73	944138	5295158	0.66	0.12	1	-1	seq02	seq1	
500603	501559	2517927	2516971	957	957	88.41	944138	5295158	0.10	0.02	1	-1	seq02	seq1	
499883	500537	2519733	2519080	655	654	86.43	944138	5295158	0.07	0.01	1	-1	seq02	seq1	
498479	499881	2521258	2519856	1403	1403	91.23	944138	5295158	0.15	0.03	1	-1	seq02	seq1	
491124	491654	2522058	2521527	531	532	85.34	944138	5295158	0.06	0.01	1	-1	seq02	seq1	
489457	490137	2522946	2522268	681	679	92.36	944138	5295158	0.07	0.01	1	-1	seq02	seq1	
483149	489289	2529220	2523037	6141	6184	90.58	944138	5295158	0.65	0.12	1	-1	seq02	seq1	
476741	483149	2535740	2529330	6409	6411	93.05	944138	5295158	0.68	0.12	1	-1	seq02	seq1	
463082	476226	2550560	2537428	13145	13133	95.70	944138	5295158	1.39	0.25	1	-1	seq02	seq1	
420368	427335	2558300	2551325	6968	6976	93.44	944138	5295158	0.74	0.13	1	-1	seq02	seq1	
419566	420227	2576589	2575928	662	662	91.69	944138	5295158	0.07	0.01	1	-1	seq02	seq1	
416464	419569	2580977	2577856	3106	3122	95.01	944138	5295158	0.33	0.06	1	-1	seq02	seq1	
403015	415365	2593075	2580731	12351	12345	91.61	944138	5295158	1.31	0.23	1	-1	seq02	seq1	
400973	402783	2595625	2593808	1811	1818	93.14	944138	5295158	0.19	0.03	1	-1	seq02	seq1	
398111	400972	2598712	2595840	2862	2873	93.25	944138	5295158	0.30	0.05	1	-1	seq02	seq1	
397355	398108	2600976	2600222	754	755	89.93	944138	5295158	0.08	0.01	1	-1	seq02	seq1	
396098	396568	2603724	2603252	471	473	90.91	944138	5295158	0.05	0.01	1	-1	seq02	seq1	
380666	396038	2621441	2606093	15373	15349	93.48	944138	5295158	1.63	0.29	1	-1	seq02	seq1	
379604	380674	2624042	2622975	1071	1068	88.07	944138	5295158	0.11	0.02	1	-1	seq02	seq1	
378704	379491	2625000	2624215	788	786	80.96	944138	5295158	0.08	0.01	1	-1	seq02	seq1	
375687	377857	2629880	2627710	2171	2171	92.96	944138	5295158	0.23	0.04	1	-1	seq02	seq1	
363251	375676	2642446	2629998	12426	12449	92.09	944138	5295158	1.32	0.24	1	-1	seq02	seq1	
356218	359447	2645754	2642523	3230	3232	94.37	944138	5295158	0.34	0.06	1	-1	seq02	seq1	
346075	356225	2716633	2706464	10151	10170	93.09	944138	5295158	1.08	0.19	1	-1	seq02	seq1	
341200	345485	2720933	2716658	4286	4276	93.33	944138	5295158	0.45	0.08	1	-1	seq02	seq1	
340026	340486	2721389	2720935	461	455	86.33	944138	5295158	0.05	0.01	1	-1	seq02	seq1	
335503	338908	2727620	2724222	3406	3399	86.51	944138	5295158	0.36	0.06	1	-1	seq02	seq1	
332599	334963	2730034	2727669	2365	2366	93.79	944138	5295158	0.25	0.04	1	-1	seq02	seq1	
329211	332598	2735250	2731867	3388	3384	89.28	944138	5295158	0.36	0.06	1	-1	seq02	seq1	
296007	327875	2767138	2735216	31869	31923	92.68	944138	5295158	3.38	0.60	1	-1	seq02	seq1	
288806	295139	2773489	2767155	6334	6335	95.91	944138	5295158	0.67	0.12	1	-1	seq02	seq1	
273830	288787	2788555	2773626	14958	14930	94.39	944138	5295158	1.58	0.28	1	-1	seq02	seq1	
269815	273832	2794443	2790404	4018	4040	91.90	944138	5295158	0.43	0.08	1	-1	seq02	seq1	
268668	269574	2796484	2795572	907	913	92.00	944138	5295158	0.10	0.02	1	-1	seq02	seq1	
267815	268394	2798073	2797494	580	580	92.41	944138	5295158	0.06	0.01	1	-1	seq02	seq1	
266810	267739	2801680	2800696	930	985	87.11	944138	5295158	0.10	0.02	1	-1	seq02	seq1	
265964	266612	2802329	2801681	649	649	92.62	944138	5295158	0.07	0.01	1	-1	seq02	seq1	
263733	264821	2805701	2804630	1089	1072	87.02	944138	5295158	0.12	0.02	1	-1	seq02	seq1	
261853	262746	2807000	2806110	894	891	92.30	944138	5295158	0.09	0.02	1	-1	seq02	seq1	
261061	261552	2807727	2807257	492	471	88.28	944138	5295158	0.05	0.01	1	-1	seq02	seq1	
238293	252669	2821996	2807624	14377	14373	96.66	944138	5295158	1.52	0.27	1	-1	seq02	seq1	
221688	238087	2838780	2822376	16400	16405	96.55	944138	5295158	1.74	0.31	1	-1	seq02	seq1	
217174	221686	2845210	2840697	4513	4514	93.29	944138	5295158	0.48	0.09	1	-1	seq02	seq1	
217072	217175	2847471	2847368	104	104	97.12	944138	5295158	0.01	0.00	1	-1	seq02	seq1	
216700	217080	2848740	2848359	381	382	89.53	944138	5295158	0.04	0.01	1	-1	seq02	seq1	
209012	216704	2856964	2849248	7693	7717	93.19	944138	5295158	0.81	0.15	1	-1	seq02	seq1	
199945	209015	2866573	2857488	9071	9086	94.45	944138	5295158	0.96	0.17	1	-1	seq02	seq1	
181457	199945	2885982	2867513	18489	18470	95.32	944138	5295158	1.96	0.35	1	-1	seq02	seq1	
166367	181097	2900725	2885996	14731	14730	93.73	944138	5295158	1.56	0.28	1	-1	seq02	seq1	
160116	161558	2902166	2900725	1443	1442	96.12	944138	5295158	0.15	0.03	1	-1	seq02	seq1	
136754	138422	2903859	2902191	1669	1669	92.69	944138	5295158	0.18	0.03	1	-1	seq02	seq1	
124719	136139	2915348	2903976	11421	11373	92.96	944138	5295158	1.21	0.21	1	-1	seq02	seq1	
118983	123907	2920432	2915508	4925	4925	95.70	944138	5295158	0.52	0.09	1	-1	seq02	seq1	
111807	116956	2925674	2920515	5150	5160	95.74	944138	5295158	0.55	0.10	1	-1	seq02	seq1	
109236	109696	2926174	2925715	461	460	93.28	944138	5295158	0.05	0.01	1	-1	seq02	seq1	
105214	109083	2930867	2926998	3870	3870	95.40	944138	5295158	0.41	0.07	1	-1	seq02	seq1	
94996	103301	2939180	2930864	8306	8317	94.32	944138	5295158	0.88	0.16	1	-1	seq02	seq1	
79234	94742	2955649	2940154	15509	15496	94.55	944138	5295158	1.64	0.29	1	-1	seq02	seq1	
70636	77728	2963007	2955825	7093	7183	93.31	944138	5295158	0.75	0.14	1	-1	seq02	seq1	
66988	70622	2969096	2965460	3635	3637	93.16	944138	5295158	0.39	0.07	1	-1	seq02	seq1	
58947	66439	2976624	2969124	7493	7501	96.18	944138	5295158	0.79	0.14	1	-1	seq02	seq1	
55329	56253	2979895	2978971	925	925	95.14	944138	5295158	0.10	0.02	1	-1	seq02	seq1	
42359	55328	2993327	2980380	12970	12948	92.89	944138	5295158	1.37	0.24	1	-1	seq02	seq1	
7584	42359	3032472	2997590	34776	34883	94.86	944138	5295158	3.68	0.66	1	-1	seq02	seq1	
201050	218204	3049677	3032497	17155	17181	94.95	218237	5295158	7.86	0.32	1	-1	seq06	seq1	
199466	200894	3051108	3049680	1429	1429	94.76	218237	5295158	0.65	0.03	1	-1	seq06	seq1	
190216	199542	3062131	3052791	9327	9341	94.58	218237	5295158	4.27	0.18	1	-1	seq06	seq1	
165716	190222	3088094	3063549	24507	24546	94.70	218237	5295158	11.23	0.46	1	-1	seq06	seq1	
161812	165569	3091998	3088246	3758	3753	92.24	218237	5295158	1.72	0.07	1	-1	seq06	seq1	
160754	161810	3093637	3092583	1057	1055	95.65	218237	5295158	0.48	0.02	1	-1	seq06	seq1	
151749	160045	3107766	3099386	8297	8381	93.27	218237	5295158	3.80	0.16	1	-1	seq06	seq1	
149345	151749	3110325	3107862	2405	2464	91.56	218237	5295158	1.10	0.05	1	-1	seq06	seq1	
143263	149150	3121934	3116047	5888	5888	95.79	218237	5295158	2.70	0.11	1	-1	seq06	seq1	
140937	143123	3124234	3122062	2187	2173	92.74	218237	5295158	1.00	0.04	1	-1	seq06	seq1	
133947	140636	3131087	3124365	6690	6723	93.93	218237	5295158	3.07	0.13	1	-1	seq06	seq1	
130247	133855	3136691	3133080	3609	3612	95.16	218237	5295158	1.65	0.07	1	-1	seq06	seq1	
124059	128880	3141546	3136727	4822	4820	92.08	218237	5295158	2.21	0.09	1	-1	seq06	seq1	
121399	122055	3143230	3142574	657	657	97.72	218237	5295158	0.30	0.01	1	-1	seq06	seq1	
118233	121403	3146547	3143378	3171	3170	94.58	218237	5295158	1.45	0.06	1	-1	seq06	seq1	
108890	117137	3154825	3146593	8248	8233	94.48	218237	5295158	3.78	0.16	1	-1	seq06	seq1	
105744	108751	3169978	3166970	3008	3009	93.30	218237	5295158	1.38	0.06	1	-1	seq06	seq1	
96549	103232	3176760	3170060	6684	6701	92.39	218237	5295158	3.06	0.13	1	-1	seq06	seq1	
91382	96529	3182711	3177564	5148	5148	95.30	218237	5295158	2.36	0.10	1	-1	seq06	seq1	
66189	67038	3183697	3182865	850	833	90.98	94933	5295158	0.90	0.02	1	-1	seq09	seq1	
63773	65311	3185269	3183714	1539	1556	82.60	94933	5295158	1.62	0.03	1	-1	seq09	seq1	
74657	91206	3201814	3185263	16550	16552	93.49	218237	5295158	7.58	0.31	1	-1	seq06	seq1	
67555	69337	3203600	3201806	1783	1795	92.20	218237	5295158	0.82	0.03	1	-1	seq06	seq1	
63278	65560	3205903	3203622	2283	2282	94.96	218237	5295158	1.05	0.04	1	-1	seq06	seq1	
60792	63139	3208426	3206079	2348	2348	93.83	218237	5295158	1.08	0.04	1	-1	seq06	seq1	
46172	60463	3224136	3209819	14292	14318	92.85	218237	5295158	6.55	0.27	1	-1	seq06	seq1	
43940	45243	3225459	3224151	1304	1309	88.45	218237	5295158	0.60	0.02	1	-1	seq06	seq1	
35047	41772	3233024	3226331	6726	6694	93.31	218237	5295158	3.08	0.13	1	-1	seq06	seq1	
25940	35047	3242263	3233177	9108	9087	93.54	218237	5295158	4.17	0.17	1	-1	seq06	seq1	
24569	25921	3245621	3244270	1353	1352	90.84	218237	5295158	0.62	0.03	1	-1	seq06	seq1	
23561	24441	3246600	3245720	881	881	90.58	218237	5295158	0.40	0.02	1	-1	seq06	seq1	
19785	21934	3248897	3246748	2150	2150	90.63	218237	5295158	0.99	0.04	1	-1	seq06	seq1	
17809	19667	3251404	3249522	1859	1883	87.54	218237	5295158	0.85	0.04	1	-1	seq06	seq1	
11048	17159	3258198	3252051	6112	6148	92.51	218237	5295158	2.80	0.12	1	-1	seq06	seq1	
10294	10926	3258828	3258198	633	631	89.61	218237	5295158	0.29	0.01	1	-1	seq06	seq1	
9741	10175	3259360	3258935	435	426	83.52	218237	5295158	0.20	0.01	1	-1	seq06	seq1	
1	1387	3268837	3270222	1387	1386	97.48	1387	5295158	100.00	0.03	1	1	seq22	seq1	[CONTAINED]
1	9597	3268962	3259361	9597	9602	95.62	218237	5295158	4.40	0.18	1	-1	seq06	seq1	
932604	936593	3274087	3270096	3990	3992	93.60	936593	5295158	0.43	0.08	1	-1	seq03	seq1	
922795	932517	3284880	3275161	9723	9720	92.92	936593	5295158	1.04	0.18	1	-1	seq03	seq1	
921411	922783	3286686	3285316	1373	1371	91.99	936593	5295158	0.15	0.03	1	-1	seq03	seq1	
918813	919508	3287379	3286684	696	696	96.26	936593	5295158	0.07	0.01	1	-1	seq03	seq1	
913901	918815	3293636	3288722	4915	4915	95.20	936593	5295158	0.52	0.09	1	-1	seq03	seq1	
909348	913906	3298416	3293784	4559	4633	93.17	936593	5295158	0.49	0.09	1	-1	seq03	seq1	
908775	909349	3300006	3299432	575	575	94.79	936593	5295158	0.06	0.01	1	-1	seq03	seq1	
898491	908776	3311443	3301088	10286	10356	93.03	936593	5295158	1.10	0.20	1	-1	seq03	seq1	
879900	897720	3330067	3312259	17821	17809	94.66	936593	5295158	1.90	0.34	1	-1	seq03	seq1	
876996	879888	3333999	3331107	2893	2893	94.48	936593	5295158	0.31	0.05	1	-1	seq03	seq1	
875548	876840	3344123	3342830	1293	1294	91.81	936593	5295158	0.14	0.02	1	-1	seq03	seq1	
860946	874477	3359244	3345718	13532	13527	95.20	936593	5295158	1.44	0.26	1	-1	seq03	seq1	
860496	860718	3359955	3359733	223	223	86.22	936593	5295158	0.02	0.00	1	-1	seq03	seq1	
847594	848546	3362355	3361404	953	952	88.58	936593	5295158	0.10	0.02	1	-1	seq03	seq1	
844908	847337	3364926	3362536	2430	2391	90.29	936593	5295158	0.26	0.05	1	-1	seq03	seq1	
834651	844046	3375115	3365704	9396	9412	92.09	936593	5295158	1.00	0.18	1	-1	seq03	seq1	
823377	833459	3386510	3376364	10083	10147	89.57	936593	5295158	1.08	0.19	1	-1	seq03	seq1	
766589	823271	3443324	3386625	56683	56700	92.68	936593	5295158	6.05	1.07	1	-1	seq03	seq1	
761386	766589	3448620	3443477	5204	5144	94.28	936593	5295158	0.56	0.10	1	-1	seq03	seq1	
750270	761265	3459553	3448620	10996	10934	95.02	936593	5295158	1.17	0.21	1	-1	seq03	seq1	
731220	748883	3477315	3459600	17664	17716	95.68	936593	5295158	1.89	0.33	1	-1	seq03	seq1	
675264	731037	3533229	3477498	55774	55732	95.41	936593	5295158	5.95	1.05	1	-1	seq03	seq1	
649522	675102	3558786	3533254	25581	25533	94.83	936593	5295158	2.73	0.48	1	-1	seq03	seq1	
587867	649496	3621012	3559244	61630	61769	95.04	936593	5295158	6.58	1.17	1	-1	seq03	seq1	
560932	587825	3648292	3621409	26894	26884	94.48	936593	5295158	2.87	0.51	1	-1	seq03	seq1	
560572	560931	3649028	3648669	360	360	97.50	936593	5295158	0.04	0.01	1	-1	seq03	seq1	
492407	559466	3716096	3649032	67060	67065	95.70	936593	5295158	7.16	1.27	1	-1	seq03	seq1	
488096	492189	3720413	3716324	4094	4090	96.21	936593	5295158	0.44	0.08	1	-1	seq03	seq1	
486319	486901	3721076	3720494	583	583	86.86	936593	5295158	0.06	0.01	1	-1	seq03	seq1	
471382	483680	3734738	3722448	12299	12291	95.29	936593	5295158	1.31	0.23	1	-1	seq03	seq1	
468122	471386	3738672	3735416	3265	3257	92.47	936593	5295158	0.35	0.06	1	-1	seq03	seq1	
453661	467990	3754018	3739747	14330	14272	92.83	936593	5295158	1.53	0.27	1	-1	seq03	seq1	
453446	453665	3754380	3754166	220	215	87.73	936593	5295158	0.02	0.00	1	-1	seq03	seq1	
437112	453343	3771961	3755735	16232	16227	95.05	936593	5295158	1.73	0.31	1	-1	seq03	seq1	
405569	437269	3803709	3771975	31701	31735	96.08	936593	5295158	3.38	0.60	1	-1	seq03	seq1	
398698	405351	3810511	3803863	6654	6649	97.27	936593	5295158	0.71	0.13	1	-1	seq03	seq1	
391544	398701	3818142	3810979	7158	7164	94.65	936593	5295158	0.76	0.14	1	-1	seq03	seq1	
389744	391433	3830199	3828510	1690	1690	96.33	936593	5295158	0.18	0.03	1	-1	seq03	seq1	
387912	389510	3831961	3830348	1599	1614	82.62	936593	5295158	0.17	0.03	1	-1	seq03	seq1	
373858	387834	3846409	3832433	13977	13977	94.53	936593	5295158	1.49	0.26	1	-1	seq03	seq1	
364818	373856	3855549	3846511	9039	9039	95.41	936593	5295158	0.97	0.17	1	-1	seq03	seq1	
363623	364706	3857190	3856108	1084	1083	91.98	936593	5295158	0.12	0.02	1	-1	seq03	seq1	
354954	363311	3866331	3857978	8358	8354	96.32	936593	5295158	0.89	0.16	1	-1	seq03	seq1	
347099	352852	3872211	3866449	5754	5763	94.67	936593	5295158	0.61	0.11	1	-1	seq03	seq1	
343263	346924	3875912	3872224	3662	3689	92.83	936593	5295158	0.39	0.07	1	-1	seq03	seq1	
340588	343264	3880484	3877799	2677	2686	93.12	936593	5295158	0.29	0.05	1	-1	seq03	seq1	
340286	340593	3881886	3881584	308	303	94.82	936593	5295158	0.03	0.01	1	-1	seq03	seq1	
321420	328089	3890024	3883414	6670	6611	94.31	936593	5295158	0.71	0.12	1	-1	seq03	seq1	
316638	320942	3894492	3890060	4305	4433	92.04	936593	5295158	0.46	0.08	1	-1	seq03	seq1	
312885	314216	3895905	3894494	1332	1412	86.27	936593	5295158	0.14	0.03	1	-1	seq03	seq1	
299723	312746	3908982	3895996	13024	12987	94.75	936593	5295158	1.39	0.25	1	-1	seq03	seq1	
296563	297889	3910302	3908971	1327	1332	93.85	936593	5295158	0.14	0.03	1	-1	seq03	seq1	
295230	295380	3910950	3910801	151	150	92.72	936593	5295158	0.02	0.00	1	-1	seq03	seq1	
281010	294519	3924526	3910969	13510	13558	95.45	936593	5295158	1.44	0.26	1	-1	seq03	seq1	
273317	276602	3927939	3924656	3286	3284	95.13	936593	5295158	0.35	0.06	1	-1	seq03	seq1	
267755	273317	3933636	3928091	5563	5546	96.46	936593	5295158	0.59	0.10	1	-1	seq03	seq1	
264753	267256	3936128	3933626	2504	2503	94.25	936593	5295158	0.27	0.05	1	-1	seq03	seq1	
261006	263308	3939021	3936741	2303	2281	92.97	936593	5295158	0.25	0.04	1	-1	seq03	seq1	
255522	258889	3944329	3940962	3368	3368	94.69	936593	5295158	0.36	0.06	1	-1	seq03	seq1	
251715	253608	3946221	3944328	1894	1894	95.04	936593	5295158	0.20	0.04	1	-1	seq03	seq1	
250734	251715	3947327	3946346	982	982	98.07	936593	5295158	0.10	0.02	1	-1	seq03	seq1	
249614	250652	3949501	3948464	1039	1038	93.36	936593	5295158	0.11	0.02	1	-1	seq03	seq1	
236516	249510	3965436	3952444	12995	12993	94.63	936593	5295158	1.39	0.25	1	-1	seq03	seq1	
235126	236160	3968037	3967003	1035	1035	95.17	936593	5295158	0.11	0.02	1	-1	seq03	seq1	
233099	235076	3970853	3968867	1978	1987	93.86	936593	5295158	0.21	0.04	1	-1	seq03	seq1	
231565	232734	3972000	3970844	1170	1157	94.11	936593	5295158	0.12	0.02	1	-1	seq03	seq1	
228665	231089	3974571	3972144	2425	2428	94.90	936593	5295158	0.26	0.05	1	-1	seq03	seq1	
225673	226555	3977716	3976834	883	883	94.93	936593	5295158	0.09	0.02	1	-1	seq03	seq1	
219831	224114	3982251	3977956	4284	4296	94.83	936593	5295158	0.46	0.08	1	-1	seq03	seq1	
217036	219698	3984897	3982259	2663	2639	92.46	936593	5295158	0.28	0.05	1	-1	seq03	seq1	
215860	216371	3985509	3984993	512	517	86.87	936593	5295158	0.05	0.01	1	-1	seq03	seq1	
211047	212630	3987426	3985842	1584	1585	94.70	936593	5295158	0.17	0.03	1	-1	seq03	seq1	
204340	209473	3992585	3987440	5134	5146	91.77	936593	5295158	0.55	0.10	1	-1	seq03	seq1	
202437	204106	4000288	3998621	1670	1668	94.37	936593	5295158	0.18	0.03	1	-1	seq03	seq1	
198241	200988	4004688	4001946	2748	2743	92.70	936593	5295158	0.29	0.05	1	-1	seq03	seq1	
185262	190078	4030373	4025559	4817	4815	92.86	936593	5295158	0.51	0.09	1	-1	seq03	seq1	
164737	172172	4061156	4053678	7436	7479	93.81	936593	5295158	0.79	0.14	1	-1	seq03	seq1	
162198	164753	4063895	4061331	2556	2565	96.57	936593	5295158	0.27	0.05	1	-1	seq03	seq1	
152581	159500	4070906	4063978	6920	6929	91.82	936593	5295158	0.74	0.13	1	-1	seq03	seq1	
152195	152470	4071301	4071023	276	279	83.99	936593	5295158	0.03	0.01	1	-1	seq03	seq1	
151205	152070	4072297	4071441	866	857	86.91	936593	5295158	0.09	0.02	1	-1	seq03	seq1	
143210	150998	4080282	4072504	7789	7779	95.95	936593	5295158	0.83	0.15	1	-1	seq03	seq1	
142592	143220	4081078	4080449	629	630	95.71	936593	5295158	0.07	0.01	1	-1	seq03	seq1	
140341	142597	4084048	4081793	2257	2256	94.15	936593	5295158	0.24	0.04	1	-1	seq03	seq1	
134080	140312	4096255	4090090	6233	6166	93.57	936593	5295158	0.67	0.12	1	-1	seq03	seq1	
133636	134115	4097785	4097306	480	480	96.04	936593	5295158	0.05	0.01	1	-1	seq03	seq1	
131738	133827	4100765	4098680	2090	2086	90.60	936593	5295158	0.22	0.04	1	-1	seq03	seq1	
120858	131602	4111537	4100799	10745	10739	95.63	936593	5295158	1.15	0.20	1	-1	seq03	seq1	
106462	120790	4126000	4111673	14329	14328	95.47	936593	5295158	1.53	0.27	1	-1	seq03	seq1	
103638	104473	4126891	4126053	836	839	91.67	936593	5295158	0.09	0.02	1	-1	seq03	seq1	
98608	100609	4129106	4127158	2002	1949	91.22	936593	5295158	0.21	0.04	1	-1	seq03	seq1	
584	1019	4129144	4129578	436	435	89.91	61450	5295158	0.71	0.01	1	1	seq11	seq1	
1165	1768	4139803	4140388	604	586	88.91	61450	5295158	0.98	0.01	1	1	seq11	seq1	
61681	62053	4140254	4139883	373	372	89.81	94933	5295158	0.39	0.01	1	-1	seq09	seq1	
95459	98612	4143574	4140396	3154	3179	93.90	936593	5295158	0.34	0.06	1	-1	seq03	seq1	
80805	95455	4159610	4144970	14651	14641	93.55	936593	5295158	1.56	0.28	1	-1	seq03	seq1	
73329	79554	4167040	4160808	6226	6233	91.77	936593	5295158	0.66	0.12	1	-1	seq03	seq1	
66209	73331	4176274	4169096	7123	7179	93.72	936593	5295158	0.76	0.14	1	-1	seq03	seq1	
65697	66206	4176906	4176397	510	510	96.47	936593	5295158	0.05	0.01	1	-1	seq03	seq1	
50367	65475	4192170	4177010	15109	15161	94.90	936593	5295158	1.61	0.29	1	-1	seq03	seq1	
45836	50117	4197358	4193077	4282	4282	92.28	936593	5295158	0.46	0.08	1	-1	seq03	seq1	
33452	43799	4209441	4199057	10348	10385	93.31	936593	5295158	1.10	0.20	1	-1	seq03	seq1	
24853	28433	4213024	4209442	3581	3583	95.84	936593	5295158	0.38	0.07	1	-1	seq03	seq1	
1397	24469	4241475	4218404	23073	23072	94.39	936593	5295158	2.46	0.44	1	-1	seq03	seq1	
1	1490	4242724	4241235	1490	1490	99.06	936593	5295158	0.16	0.03	1	-1	seq03	seq1	
200567	204686	4251343	4247173	4120	4171	93.88	204686	5295158	2.01	0.08	1	-1	seq07	seq1	
186634	200243	4265374	4251767	13610	13608	94.97	204686	5295158	6.65	0.26	1	-1	seq07	seq1	
155053	186634	4298540	4266916	31582	31625	95.67	204686	5295158	15.43	0.60	1	-1	seq07	seq1	
151925	154645	4301253	4298532	2721	2722	94.97	204686	5295158	1.33	0.05	1	-1	seq07	seq1	
137152	151892	4316184	4301437	14741	14748	93.82	204686	5295158	7.20	0.28	1	-1	seq07	seq1	
133164	135596	4320160	4317731	2433	2430	94.05	204686	5295158	1.19	0.05	1	-1	seq07	seq1	
117561	133037	4336108	4320585	15477	15524	92.45	204686	5295158	7.56	0.29	1	-1	seq07	seq1	
5066	5375	4336524	4336215	310	310	88.71	944138	5295158	0.03	0.01	1	-1	seq02	seq1	
99438	116837	4361777	4344466	17400	17312	94.47	204686	5295158	8.50	0.33	1	-1	seq07	seq1	
85803	99443	4376071	4362359	13641	13713	95.03	204686	5295158	6.66	0.26	1	-1	seq07	seq1	
76424	85816	4385675	4376348	9393	9328	93.30	204686	5295158	4.59	0.18	1	-1	seq07	seq1	
40425	75553	4421648	4386546	35129	35103	94.77	204686	5295158	17.16	0.66	1	-1	seq07	seq1	
34020	35149	4422785	4421653	1130	1133	95.94	204686	5295158	0.55	0.02	1	-1	seq07	seq1	
18349	34018	4438695	4422934	15670	15762	95.15	204686	5295158	7.66	0.30	1	-1	seq07	seq1	
15171	15347	4441450	4441274	177	177	91.06	204686	5295158	0.09	0.00	1	-1	seq07	seq1	
11264	15114	4464196	4460357	3851	3840	95.85	204686	5295158	1.88	0.07	1	-1	seq07	seq1	
1	11266	4475624	4464344	11266	11281	95.98	204686	5295158	5.50	0.21	1	-1	seq07	seq1	
1	35283	4480062	4515371	35283	35310	95.35	238460	5295158	14.80	0.67	1	1	seq05	seq1	
35276	37876	4516427	4519030	2601	2604	92.78	238460	5295158	1.09	0.05	1	1	seq05	seq1	
38051	47854	4519214	4529085	9804	9872	94.67	238460	5295158	4.11	0.19	1	1	seq05	seq1	
85555	99253	4529061	4542804	13699	13744	96.36	238460	5295158	5.74	0.26	1	1	seq05	seq1	
99249	109392	4542950	4553123	10144	10174	95.76	238460	5295158	4.25	0.19	1	1	seq05	seq1	
109384	116808	4553271	4560687	7425	7417	94.92	238460	5295158	3.11	0.14	1	1	seq05	seq1	
116805	130631	4560870	4574783	13827	13914	94.07	238460	5295158	5.80	0.26	1	1	seq05	seq1	
130636	142588	4575545	4587555	11953	12011	94.86	238460	5295158	5.01	0.23	1	1	seq05	seq1	
143664	149143	4588721	4594235	5480	5515	96.12	238460	5295158	2.30	0.10	1	1	seq05	seq1	
149167	150578	4595632	4597043	1412	1412	92.63	238460	5295158	0.59	0.03	1	1	seq05	seq1	
152505	185464	4597079	4629980	32960	32902	94.84	238460	5295158	13.82	0.62	1	1	seq05	seq1	
185654	187002	4630031	4631379	1349	1349	95.11	238460	5295158	0.57	0.03	1	1	seq05	seq1	
188065	225867	4633609	4671487	37803	37879	96.41	238460	5295158	15.85	0.72	1	1	seq05	seq1	
225873	237869	4671794	4683786	11997	11993	97.29	238460	5295158	5.03	0.23	1	1	seq05	seq1	
1	4463	4704700	4709185	4463	4486	95.35	8670	5295158	51.48	0.08	1	1	seq18	seq1	
5578	6628	4710247	4711298	1051	1052	94.12	8670	5295158	12.12	0.02	1	1	seq18	seq1	
7354	8670	4711299	4712614	1317	1316	97.27	8670	5295158	15.19	0.02	1	1	seq18	seq1	
5052	5329	4724689	4724410	278	280	95.36	5329	5295158	5.22	0.01	1	-1	seq20	seq1	
1	286	4740047	4740332	286	286	99.65	286	5295158	100.00	0.01	1	1	seq37	seq1	[CONTAINED]
1	15800	4740159	4724407	15800	15753	95.79	15800	5295158	100.00	0.30	1	-1	seq16	seq1	[CONTAINED]
82309	96736	4759359	4744935	14428	14425	97.80	96736	5295158	14.91	0.27	1	-1	seq08	seq1	
80748	82160	4760769	4759359	1413	1411	93.35	96736	5295158	1.46	0.03	1	-1	seq08	seq1	
68879	80726	4774145	4762313	11848	11833	96.10	96736	5295158	12.25	0.22	1	-1	seq08	seq1	
68555	68881	4776190	4775865	327	326	95.41	96736	5295158	0.34	0.01	1	-1	seq08	seq1	
62261	68323	4787702	4781632	6063	6071	95.08	96736	5295158	6.27	0.11	1	-1	seq08	seq1	
56486	62155	4795065	4789393	5670	5673	94.49	96736	5295158	5.86	0.11	1	-1	seq08	seq1	
53896	56486	4797780	4795190	2591	2591	95.18	96736	5295158	2.68	0.05	1	-1	seq08	seq1	
45314	53900	4806509	4797926	8587	8584	95.32	96736	5295158	8.88	0.16	1	-1	seq08	seq1	
43026	45314	4808952	4806662	2289	2291	95.94	96736	5295158	2.37	0.04	1	-1	seq08	seq1	
34523	41792	4816197	4808945	7270	7253	93.05	96736	5295158	7.52	0.14	1	-1	seq08	seq1	
29230	34508	4821992	4816717	5279	5276	94.77	96736	5295158	5.46	0.10	1	-1	seq08	seq1	
27355	28332	4823871	4822894	978	978	88.85	96736	5295158	1.01	0.02	1	-1	seq08	seq1	
16788	24579	4831634	4823875	7792	7760	92.04	96736	5295158	8.05	0.15	1	-1	seq08	seq1	
1	9730	4841374	4831645	9730	9730	97.21	96736	5295158	10.06	0.18	1	-1	seq08	seq1	
1	58607	4845829	4904445	58607	58617	98.71	58607	5295158	100.00	1.11	1	1	seq12	seq1	[CONTAINED]
288	370	4909108	4909026	83	83	100.00	517	5295158	16.05	0.00	1	-1	seq29	seq1	
1	43645	4914560	4958229	43645	43670	97.45	48539	5295158	89.92	0.82	1	1	seq13	seq1	
43645	48539	4958382	4963277	4895	4896	97.61	48539	5295158	10.08	0.09	1	1	seq13	seq1	
1	14900	4967915	4982784	14900	14870	97.09	14900	5295158	100.00	0.28	1	1	seq17	seq1	[CONTAINED]
1	1130	4986342	4987471	1130	1130	100.00	1130	5295158	100.00	0.02	1	1	seq23	seq1	[CONTAINED]
1	30322	4987345	5017674	30322	30330	97.19	580710	5295158	5.22	0.57	1	1	seq04	seq1	
30441	37941	5017671	5025171	7501	7501	97.21	580710	5295158	1.29	0.14	1	1	seq04	seq1	
38033	115512	5025870	5103573	77480	77704	94.89	580710	5295158	13.34	1.47	1	1	seq04	seq1	
116232	124799	5103627	5112200	8568	8574	95.91	580710	5295158	1.48	0.16	1	1	seq04	seq1	
125018	131731	5112232	5118924	6714	6693	95.76	580710	5295158	1.16	0.13	1	1	seq04	seq1	
131821	137046	5119136	5124361	5226	5226	96.27	580710	5295158	0.90	0.10	1	1	seq04	seq1	
137268	139424	5124405	5126562	2157	2158	89.50	580710	5295158	0.37	0.04	1	1	seq04	seq1	
139386	141298	5137280	5139185	1913	1906	93.07	580710	5295158	0.33	0.04	1	1	seq04	seq1	
149748	155008	5139182	5144460	5261	5279	91.20	580710	5295158	0.91	0.10	1	1	seq04	seq1	
155658	176017	5145173	5165544	20360	20372	96.51	580710	5295158	3.51	0.38	1	1	seq04	seq1	
176107	177862	5165732	5167539	1756	1808	95.13	580710	5295158	0.30	0.03	1	1	seq04	seq1	
177744	179140	5167669	5169065	1397	1397	97.49	580710	5295158	0.24	0.03	1	1	seq04	seq1	
179140	185106	5169190	5175161	5967	5972	96.30	580710	5295158	1.03	0.11	1	1	seq04	seq1	
184969	197407	5175147	5187664	12439	12518	97.35	580710	5295158	2.14	0.24	1	1	seq04	seq1	
197402	205353	5187902	5195869	7952	7968	93.57	580710	5295158	1.37	0.15	1	1	seq04	seq1	
205108	214428	5195822	5205132	9321	9311	94.88	580710	5295158	1.61	0.18	1	1	seq04	seq1	
214586	218187	5205138	5208740	3602	3603	97.53	580710	5295158	0.62	0.07	1	1	seq04	seq1	
218225	222398	5210521	5214690	4174	4170	94.63	580710	5295158	0.72	0.08	1	1	seq04	seq1	
223110	224758	5214769	5216417	1649	1649	98.48	580710	5295158	0.28	0.03	1	1	seq04	seq1	
240994	241719	5228510	5229234	726	725	93.41	580710	5295158	0.13	0.01	1	1	seq04	seq1	
242668	243578	5229358	5230268	911	911	93.42	580710	5295158	0.16	0.02	1	1	seq04	seq1	
243743	250267	5231402	5237922	6525	6521	96.26	580710	5295158	1.12	0.12	1	1	seq04	seq1	
251194	251391	5237912	5238112	198	201	91.54	580710	5295158	0.03	0.00	1	1	seq04	seq1	
251393	253405	5239641	5241653	2013	2013	95.68	580710	5295158	0.35	0.04	1	1	seq04	seq1	
253608	254787	5241856	5243049	1180	1194	85.12	580710	5295158	0.20	0.02	1	1	seq04	seq1	
255298	263033	5244251	5252023	7736	7773	95.12	580710	5295158	1.33	0.15	1	1	seq04	seq1	
264946	290128	5253939	5279087	25183	25149	94.69	580710	5295158	4.34	0.47	1	1	seq04	seq1	
292026	297910	5279085	5284971	5885	5887	95.55	580710	5295158	1.01	0.11	1	1	seq04	seq1	
297918	307901	5285079	5295158	9984	10080	94.06	580710	5295158	1.72	0.19	1	1	seq04	seq1	
11080	16798	16433	10738	5719	5696	97.13	96736	402605	5.91	1.41	1	-1	seq08	seq2	
9938	11080	19596	18451	1143	1146	92.76	96736	402605	1.18	0.28	1	-1	seq08	seq2	
128977	130067	48242	47148	1091	1095	83.03	218237	402605	0.50	0.27	1	-1	seq06	seq2	
1679657	1680164	92286	91783	508	504	88.58	1769201	402605	0.03	0.13	1	-1	seq01	seq2	
4919	5336	135126	134710	418	417	92.60	5752	402605	7.27	0.10	1	-1	seq19	seq2	
578009	579587	139653	138082	1579	1572	85.23	944138	402605	0.17	0.39	1	-1	seq02	seq2	
193048	194283	182829	184058	1236	1230	81.42	204686	402605	0.60	0.31	1	1	seq07	seq2	
1622159	1624658	215872	213376	2500	2497	94.73	1769201	402605	0.14	0.62	1	-1	seq01	seq2	
1621889	1622151	216481	216219	263	263	84.91	1769201	402605	0.01	0.07	1	-1	seq01	seq2	
65654	67150	219467	217971	1497	1497	91.07	218237	402605	0.69	0.37	1	-1	seq06	seq2	
174388	175249	249591	250453	862	863	94.44	936593	402605	0.09	0.21	1	1	seq03	seq2	
427863	439578	292884	281166	11716	11719	94.24	944138	402605	1.24	2.91	1	-1	seq02	seq2	
1163621	1163969	324071	323722	349	350	89.14	1769201	402605	0.02	0.09	1	-1	seq01	seq2	
3851	5078	347337	346131	1228	1207	91.23	944138	402605	0.13	0.30	1	-1	seq02	seq2	
2142	2785	348134	347492	644	643	90.22	944138	402605	0.07	0.16	1	-1	seq02	seq2	
70678	71344	379797	380463	667	667	84.90	238460	402605	0.28	0.17	1	1	seq05	seq2	
72068	72164	381640	381736	97	97	97.94	238460	402605	0.04	0.02	1	1	seq05	seq2	
226805	227677	398326	399198	873	873	90.72	936593	402605	0.09	0.22	1	1	seq03	seq2	
