246667	272763	26082	1	26097	26082	96.33	289372	5295158	9.02	0.49	1	-1	seq05	seq1	
242790	246671	30061	26228	3882	3834	93.44	289372	5295158	1.34	0.07	1	-1	seq05	seq1	
237860	240976	33183	30063	3117	3121	91.84	289372	5295158	1.08	0.06	1	-1	seq05	seq1	
237389	237762	33556	33183	374	374	94.13	289372	5295158	0.13	0.01	1	-1	seq05	seq1	
234441	237393	36911	33959	2953	2953	93.02	289372	5295158	1.02	0.06	1	-1	seq05	seq1	
215996	232868	53772	36899	16873	16874	96.38	289372	5295158	5.83	0.32	1	-1	seq05	seq1	
211121	215996	58842	53970	4876	4873	93.57	289372	5295158	1.69	0.09	1	-1	seq05	seq1	
202110	211170	82603	73543	9061	9061	98.75	289372	5295158	3.13	0.17	1	-1	seq05	seq1	
178029	185545	90099	82496	7517	7604	95.64	289372	5295158	2.60	0.14	1	-1	seq05	seq1	
177009	177883	92655	91781	875	875	94.75	289372	5295158	0.30	0.02	1	-1	seq05	seq1	
172691	176786	96908	92810	4096	4099	95.12	289372	5295158	1.42	0.08	1	-1	seq05	seq1	
169675	170192	97691	97183	518	509	86.49	289372	5295158	0.18	0.01	1	-1	seq05	seq1	
169061	169906	100545	99705	846	841	91.73	289372	5295158	0.29	0.02	1	-1	seq05	seq1	
161180	168890	111671	103919	7711	7753	95.86	289372	5295158	2.66	0.15	1	-1	seq05	seq1	
155142	160995	117613	111740	5854	5874	92.33	289372	5295158	2.02	0.11	1	-1	seq05	seq1	
151989	155147	121134	117973	3159	3162	95.86	289372	5295158	1.09	0.06	1	-1	seq05	seq1	
150774	152268	121743	120249	1495	1495	85.11	289372	5295158	0.52	0.03	1	-1	seq05	seq1	
143226	151005	129930	122128	7780	7803	95.57	289372	5295158	2.69	0.15	1	-1	seq05	seq1	
139515	141909	132623	130240	2395	2384	94.08	289372	5295158	0.83	0.05	1	-1	seq05	seq1	
138739	139424	133850	133162	686	689	97.39	289372	5295158	0.24	0.01	1	-1	seq05	seq1	
135174	138739	137538	133974	3566	3565	98.21	289372	5295158	1.23	0.07	1	-1	seq05	seq1	
130265	135167	143161	138191	4903	4971	93.45	289372	5295158	1.69	0.09	1	-1	seq05	seq1	
116359	130341	158994	145004	13983	13991	94.53	289372	5295158	4.83	0.26	1	-1	seq05	seq1	
113428	116348	162676	159756	2921	2921	96.48	289372	5295158	1.01	0.06	1	-1	seq05	seq1	
107514	112738	168544	163322	5225	5223	96.69	289372	5295158	1.81	0.10	1	-1	seq05	seq1	
93674	108065	182877	168539	14392	14339	95.49	289372	5295158	4.97	0.27	1	-1	seq05	seq1	
88506	92654	187422	183275	4149	4148	96.31	289372	5295158	1.43	0.08	1	-1	seq05	seq1	
85096	86983	189368	187485	1888	1884	95.35	289372	5295158	0.65	0.04	1	-1	seq05	seq1	
83222	84863	191249	189607	1642	1643	97.02	289372	5295158	0.57	0.03	1	-1	seq05	seq1	
72618	83092	201645	191259	10475	10387	96.24	289372	5295158	3.62	0.20	1	-1	seq05	seq1	
58715	72266	215585	202016	13552	13570	95.12	289372	5295158	4.68	0.26	1	-1	seq05	seq1	
57360	58498	217392	216252	1139	1141	93.98	289372	5295158	0.39	0.02	1	-1	seq05	seq1	
52006	57312	227164	221859	5307	5306	95.25	289372	5295158	1.83	0.10	1	-1	seq05	seq1	
46655	48320	228857	227197	1666	1661	95.44	289372	5295158	0.58	0.03	1	-1	seq05	seq1	
40761	46567	234800	228986	5807	5815	95.25	289372	5295158	2.01	0.11	1	-1	seq05	seq1	
36638	40564	240415	236489	3927	3927	93.82	289372	5295158	1.36	0.07	1	-1	seq05	seq1	
7187	30076	263376	240461	22890	22916	96.56	289372	5295158	7.91	0.43	1	-1	seq05	seq1	
1	7187	270710	263524	7187	7187	96.83	289372	5295158	2.48	0.14	1	-1	seq05	seq1	
1	760	271587	272346	760	760	99.74	760	5295158	100.00	0.01	1	1	seq25	seq1	[CONTAINED]
1	255	271587	271841	255	255	99.61	255	5295158	100.00	0.00	1	1	seq38	seq1	[CONTAINED]
1	255	271596	271850	255	255	99.61	255	5295158	100.00	0.00	1	1	seq36	seq1	[CONTAINED]
1	649	272868	272220	649	649	100.00	649	5295158	100.00	0.01	1	-1	seq27	seq1	[CONTAINED]
1	2336	272870	275205	2336	2336	99.91	2336	5295158	100.00	0.04	1	1	seq21	seq1	[CONTAINED]
1	255	272996	272742	255	255	100.00	255	5295158	100.00	0.00	1	-1	seq35	seq1	[CONTAINED]
1	2367	275079	277449	2367	2371	98.95	1770022	5295158	0.13	0.04	1	1	seq01	seq1	
2671	4213	279153	280696	1543	1544	97.15	1770022	5295158	0.09	0.03	1	1	seq01	seq1	
4501	14070	285496	295064	9570	9569	96.84	1770022	5295158	0.54	0.18	1	1	seq01	seq1	
14140	22358	295904	304185	8219	8282	95.16	1770022	5295158	0.46	0.16	1	1	seq01	seq1	
22362	34588	304305	316543	12227	12239	92.57	1770022	5295158	0.69	0.23	1	1	seq01	seq1	
34588	35941	316695	318048	1354	1354	94.61	1770022	5295158	0.08	0.03	1	1	seq01	seq1	
35963	36713	319580	320330	751	751	95.48	1770022	5295158	0.04	0.01	1	1	seq01	seq1	
36846	45053	320457	328667	8208	8211	91.19	1770022	5295158	0.46	0.16	1	1	seq01	seq1	
45055	49003	329619	333569	3949	3951	92.74	1770022	5295158	0.22	0.07	1	1	seq01	seq1	
49036	50256	335706	336926	1221	1221	91.73	1770022	5295158	0.07	0.02	1	1	seq01	seq1	
53331	56163	337809	340671	2833	2863	93.33	1770022	5295158	0.16	0.05	1	1	seq01	seq1	
56406	60267	340739	344560	3862	3822	92.35	1770022	5295158	0.22	0.07	1	1	seq01	seq1	
60534	69457	344848	353802	8924	8955	93.98	1770022	5295158	0.50	0.17	1	1	seq01	seq1	
69459	70553	353927	355023	1095	1097	95.90	1770022	5295158	0.06	0.02	1	1	seq01	seq1	
70609	77670	355518	362571	7062	7054	95.75	1770022	5295158	0.40	0.13	1	1	seq01	seq1	
77834	89377	366331	377884	11544	11554	95.19	1770022	5295158	0.65	0.22	1	1	seq01	seq1	
89463	92140	378004	380681	2678	2678	94.96	1770022	5295158	0.15	0.05	1	1	seq01	seq1	
93508	95621	388731	390762	2114	2032	91.12	1770022	5295158	0.12	0.04	1	1	seq01	seq1	
95621	108118	390917	403441	12498	12525	95.83	1770022	5295158	0.71	0.24	1	1	seq01	seq1	
108174	124310	404688	420597	16137	15910	92.75	1770022	5295158	0.91	0.30	1	1	seq01	seq1	
124658	132163	421197	428658	7506	7462	92.08	1770022	5295158	0.42	0.14	1	1	seq01	seq1	
132165	132826	429003	429664	662	662	94.11	1770022	5295158	0.04	0.01	1	1	seq01	seq1	
134848	161038	433155	459271	26191	26117	95.35	1770022	5295158	1.48	0.49	1	1	seq01	seq1	
161209	163828	459470	462086	2620	2617	97.33	1770022	5295158	0.15	0.05	1	1	seq01	seq1	
163899	164451	461993	462545	553	553	93.49	1770022	5295158	0.03	0.01	1	1	seq01	seq1	
164443	165975	463484	464998	1533	1515	95.43	1770022	5295158	0.09	0.03	1	1	seq01	seq1	
165977	166327	465108	465458	351	351	91.74	1770022	5295158	0.02	0.01	1	1	seq01	seq1	
166317	166830	465286	465784	514	499	86.85	1770022	5295158	0.03	0.01	1	1	seq01	seq1	
166925	171397	465627	470099	4473	4473	97.68	1770022	5295158	0.25	0.08	1	1	seq01	seq1	
171496	172093	472546	473143	598	598	95.66	1770022	5295158	0.03	0.01	1	1	seq01	seq1	
172121	176589	473638	478106	4469	4469	95.35	1770022	5295158	0.25	0.08	1	1	seq01	seq1	
176694	178806	478308	480415	2113	2108	95.08	1770022	5295158	0.12	0.04	1	1	seq01	seq1	
179140	181027	480421	482304	1888	1884	93.07	1770022	5295158	0.11	0.04	1	1	seq01	seq1	
184158	184484	492833	493162	327	330	86.71	1770022	5295158	0.02	0.01	1	1	seq01	seq1	
184571	189190	494074	498692	4620	4619	95.08	1770022	5295158	0.26	0.09	1	1	seq01	seq1	
189188	192881	499116	502812	3694	3697	96.75	1770022	5295158	0.21	0.07	1	1	seq01	seq1	
192847	219553	504172	530836	26707	26665	96.28	1770022	5295158	1.51	0.50	1	1	seq01	seq1	
220075	226650	530934	537511	6576	6578	95.48	1770022	5295158	0.37	0.12	1	1	seq01	seq1	
227349	233664	538981	545302	6316	6322	95.83	1770022	5295158	0.36	0.12	1	1	seq01	seq1	
233670	247539	546283	560074	13870	13792	96.77	1770022	5295158	0.78	0.26	1	1	seq01	seq1	
247701	255104	560225	567627	7404	7403	97.57	1770022	5295158	0.42	0.14	1	1	seq01	seq1	
255238	278580	567747	591087	23343	23341	97.34	1770022	5295158	1.32	0.44	1	1	seq01	seq1	
280872	289449	591863	600385	8578	8523	96.20	1770022	5295158	0.48	0.16	1	1	seq01	seq1	
289477	306563	607140	624251	17087	17112	95.54	1770022	5295158	0.97	0.32	1	1	seq01	seq1	
308554	316862	624346	632655	8309	8310	95.61	1770022	5295158	0.47	0.16	1	1	seq01	seq1	
320024	342758	632873	655732	22735	22860	95.67	1770022	5295158	1.28	0.43	1	1	seq01	seq1	
355129	404210	657154	706308	49082	49155	96.77	1770022	5295158	2.77	0.93	1	1	seq01	seq1	
404210	418045	706463	720304	13836	13842	94.90	1770022	5295158	0.78	0.26	1	1	seq01	seq1	
418193	419240	720304	721363	1048	1060	94.15	1770022	5295158	0.06	0.02	1	1	seq01	seq1	
419041	419642	721359	721960	602	602	90.70	1770022	5295158	0.03	0.01	1	1	seq01	seq1	
419642	445850	722068	748273	26209	26206	96.61	1770022	5295158	1.48	0.49	1	1	seq01	seq1	
445855	446811	748426	749380	957	955	95.82	1770022	5295158	0.05	0.02	1	1	seq01	seq1	
446933	447720	749676	750461	788	786	90.86	1770022	5295158	0.04	0.01	1	1	seq01	seq1	
447737	491428	752070	795793	43692	43724	95.98	1770022	5295158	2.47	0.83	1	1	seq01	seq1	
491431	500740	797768	807092	9310	9325	94.81	1770022	5295158	0.53	0.18	1	1	seq01	seq1	
501071	501530	807423	807879	460	457	83.98	1770022	5295158	0.03	0.01	1	1	seq01	seq1	
502586	510117	808767	816315	7532	7549	96.86	1770022	5295158	0.43	0.14	1	1	seq01	seq1	
510114	530177	816463	836558	20064	20096	96.19	1770022	5295158	1.13	0.38	1	1	seq01	seq1	
530176	587877	836706	894408	57702	57703	96.37	1770022	5295158	3.26	1.09	1	1	seq01	seq1	
588327	591644	894404	897720	3318	3317	97.14	1770022	5295158	0.19	0.06	1	1	seq01	seq1	
591629	598304	907945	914635	6676	6691	95.43	1770022	5295158	0.38	0.13	1	1	seq01	seq1	
598327	613115	916201	930995	14789	14795	96.11	1770022	5295158	0.84	0.28	1	1	seq01	seq1	
613114	615631	931636	934144	2518	2509	97.93	1770022	5295158	0.14	0.05	1	1	seq01	seq1	
615633	645991	935226	965590	30359	30365	96.74	1770022	5295158	1.72	0.57	1	1	seq01	seq1	
646150	659379	969120	982343	13230	13224	97.58	1770022	5295158	0.75	0.25	1	1	seq01	seq1	
659376	669248	983055	992939	9873	9885	96.55	1770022	5295158	0.56	0.19	1	1	seq01	seq1	
669381	723194	997059	1050896	53814	53838	95.82	1770022	5295158	3.04	1.02	1	1	seq01	seq1	
724329	754778	1053011	1083411	30450	30401	96.50	1770022	5295158	1.72	0.57	1	1	seq01	seq1	
755118	767821	1084557	1097263	12704	12707	94.47	1770022	5295158	0.72	0.24	1	1	seq01	seq1	
768750	794036	1097610	1122956	25287	25347	95.95	1770022	5295158	1.43	0.48	1	1	seq01	seq1	
794105	794797	1123669	1124360	693	692	91.05	1770022	5295158	0.04	0.01	1	1	seq01	seq1	
794807	825824	1126057	1157112	31018	31056	97.13	1770022	5295158	1.75	0.59	1	1	seq01	seq1	
825824	839342	1157232	1170751	13519	13520	97.37	1770022	5295158	0.76	0.26	1	1	seq01	seq1	
839695	851601	1171101	1183012	11907	11912	95.99	1770022	5295158	0.67	0.22	1	1	seq01	seq1	
852857	863458	1183031	1193712	10602	10682	95.94	1770022	5295158	0.60	0.20	1	1	seq01	seq1	
907554	953575	1193700	1239729	46022	46030	97.16	1770022	5295158	2.60	0.87	1	1	seq01	seq1	
954190	958206	1239720	1243733	4017	4014	92.32	1770022	5295158	0.23	0.08	1	1	seq01	seq1	
958432	1037864	1245147	1324550	79433	79404	97.64	1770022	5295158	4.49	1.50	1	1	seq01	seq1	
1037856	1061955	1330548	1354687	24100	24140	93.96	1770022	5295158	1.36	0.46	1	1	seq01	seq1	
1062284	1077810	1354689	1370272	15527	15584	97.45	1770022	5295158	0.88	0.29	1	1	seq01	seq1	
1077912	1083520	1372047	1377573	5609	5527	95.99	1770022	5295158	0.32	0.10	1	1	seq01	seq1	
1083621	1089523	1377703	1383666	5903	5964	93.95	1770022	5295158	0.33	0.11	1	1	seq01	seq1	
1089568	1095367	1383803	1389604	5800	5802	93.57	1770022	5295158	0.33	0.11	1	1	seq01	seq1	
1095360	1100439	1391791	1396883	5080	5093	92.23	1770022	5295158	0.29	0.10	1	1	seq01	seq1	
1100421	1101815	1397894	1399288	1395	1395	84.63	1770022	5295158	0.08	0.03	1	1	seq01	seq1	
1102181	1105124	1403260	1406204	2944	2945	94.13	1770022	5295158	0.17	0.06	1	1	seq01	seq1	
1105856	1119239	1406355	1419732	13384	13378	93.14	1770022	5295158	0.76	0.25	1	1	seq01	seq1	
1119245	1122120	1419904	1422778	2876	2875	96.77	1770022	5295158	0.16	0.05	1	1	seq01	seq1	
1122107	1126050	1423325	1427182	3944	3858	93.46	1770022	5295158	0.22	0.07	1	1	seq01	seq1	
1126153	1137515	1427182	1438573	11363	11392	95.70	1770022	5295158	0.64	0.22	1	1	seq01	seq1	
1137768	1146009	1439762	1447989	8242	8228	95.43	1770022	5295158	0.47	0.16	1	1	seq01	seq1	
1196603	1205664	1451463	1460523	9062	9061	95.36	1770022	5295158	0.51	0.17	1	1	seq01	seq1	
1206970	1222615	1460524	1476161	15646	15638	96.33	1770022	5295158	0.88	0.30	1	1	seq01	seq1	
1222661	1228305	1480870	1486503	5645	5634	93.61	1770022	5295158	0.32	0.11	1	1	seq01	seq1	
1229626	1231970	1487824	1490159	2345	2336	81.77	1770022	5295158	0.13	0.04	1	1	seq01	seq1	
1233008	1246501	1491181	1504754	13494	13574	93.46	1770022	5295158	0.76	0.26	1	1	seq01	seq1	
1246570	1254973	1505322	1513724	8404	8403	93.38	1770022	5295158	0.47	0.16	1	1	seq01	seq1	
1255578	1257858	1513829	1516042	2281	2214	90.03	1770022	5295158	0.13	0.04	1	1	seq01	seq1	
1257863	1259330	1516191	1517658	1468	1468	92.11	1770022	5295158	0.08	0.03	1	1	seq01	seq1	
1259324	1267538	1519982	1528196	8215	8215	92.80	1770022	5295158	0.46	0.16	1	1	seq01	seq1	
1267537	1291610	1529168	1553243	24074	24076	96.26	1770022	5295158	1.36	0.45	1	1	seq01	seq1	
1291609	1297228	1554837	1560459	5620	5623	94.24	1770022	5295158	0.32	0.11	1	1	seq01	seq1	
1298685	1300773	1560454	1562538	2089	2085	92.49	1770022	5295158	0.12	0.04	1	1	seq01	seq1	
1300891	1302723	1562646	1564479	1833	1834	87.04	1770022	5295158	0.10	0.03	1	1	seq01	seq1	
1304800	1306460	1567888	1569548	1661	1661	92.66	1770022	5295158	0.09	0.03	1	1	seq01	seq1	
1306442	1312379	1569946	1575883	5938	5938	96.20	1770022	5295158	0.34	0.11	1	1	seq01	seq1	
1312463	1316318	1577850	1581704	3856	3855	92.46	1770022	5295158	0.22	0.07	1	1	seq01	seq1	
1316318	1332303	1581857	1597859	15986	16003	94.17	1770022	5295158	0.90	0.30	1	1	seq01	seq1	
1332296	1347079	1598004	1612790	14784	14787	93.12	1770022	5295158	0.84	0.28	1	1	seq01	seq1	
1347055	1349429	1613162	1615536	2375	2375	92.21	1770022	5295158	0.13	0.04	1	1	seq01	seq1	
1349471	1354685	1617009	1622222	5215	5214	94.90	1770022	5295158	0.29	0.10	1	1	seq01	seq1	
1354797	1358387	1622598	1626191	3591	3594	94.99	1770022	5295158	0.20	0.07	1	1	seq01	seq1	
1358538	1359437	1628897	1629796	900	900	92.78	1770022	5295158	0.05	0.02	1	1	seq01	seq1	
1359536	1364396	1633914	1638767	4861	4854	93.48	1770022	5295158	0.27	0.09	1	1	seq01	seq1	
1372934	1373510	1648503	1649079	577	577	97.23	1770022	5295158	0.03	0.01	1	1	seq01	seq1	
1373533	1377677	1651662	1655808	4145	4147	92.79	1770022	5295158	0.23	0.08	1	1	seq01	seq1	
1379294	1382455	1657561	1660721	3162	3161	93.96	1770022	5295158	0.18	0.06	1	1	seq01	seq1	
1382582	1384420	1660879	1662717	1839	1839	92.45	1770022	5295158	0.10	0.03	1	1	seq01	seq1	
1386613	1393129	1662725	1669322	6517	6598	92.86	1770022	5295158	0.37	0.12	1	1	seq01	seq1	
1393172	1397809	1674847	1679471	4638	4625	94.09	1770022	5295158	0.26	0.09	1	1	seq01	seq1	
1398517	1405686	1680430	1687588	7170	7159	92.38	1770022	5295158	0.41	0.14	1	1	seq01	seq1	
1405750	1406874	1688786	1689920	1125	1135	89.16	1770022	5295158	0.06	0.02	1	1	seq01	seq1	
1407076	1408226	1690143	1691284	1151	1142	90.98	1770022	5295158	0.07	0.02	1	1	seq01	seq1	
1409482	1414259	1691290	1696081	4778	4792	93.14	1770022	5295158	0.27	0.09	1	1	seq01	seq1	
1416105	1419143	1696141	1699168	3039	3028	94.80	1770022	5295158	0.17	0.06	1	1	seq01	seq1	
1421354	1423518	1699881	1702040	2165	2160	92.34	1770022	5295158	0.12	0.04	1	1	seq01	seq1	
1423743	1426601	1702216	1705073	2859	2858	96.08	1770022	5295158	0.16	0.05	1	1	seq01	seq1	
1426664	1430243	1707328	1710905	3580	3578	95.56	1770022	5295158	0.20	0.07	1	1	seq01	seq1	
1430240	1434465	1711636	1715860	4226	4225	93.05	1770022	5295158	0.24	0.08	1	1	seq01	seq1	
1435236	1436513	1715866	1717175	1278	1310	88.43	1770022	5295158	0.07	0.02	1	1	seq01	seq1	
1436514	1444737	1717321	1725637	8224	8317	90.34	1770022	5295158	0.46	0.16	1	1	seq01	seq1	
1447138	1450148	1726439	1729489	3011	3051	91.27	1770022	5295158	0.17	0.06	1	1	seq01	seq1	
1450085	1459967	1729612	1739520	9883	9909	95.76	1770022	5295158	0.56	0.19	1	1	seq01	seq1	
1459966	1465794	1740272	1746010	5829	5739	90.66	1770022	5295158	0.33	0.11	1	1	seq01	seq1	
1465994	1466451	1746613	1747070	458	458	92.14	1770022	5295158	0.03	0.01	1	1	seq01	seq1	
1470431	1472404	1747093	1749068	1974	1976	93.57	1770022	5295158	0.11	0.04	1	1	seq01	seq1	
1473056	1473944	1749066	1749960	889	895	90.52	1770022	5295158	0.05	0.02	1	1	seq01	seq1	
1474020	1477983	1749791	1753755	3964	3965	93.79	1770022	5295158	0.22	0.07	1	1	seq01	seq1	
1478563	1479369	1754862	1755626	807	765	89.22	1770022	5295158	0.05	0.01	1	1	seq01	seq1	
1484140	1485003	1755851	1756712	864	862	93.87	1770022	5295158	0.05	0.02	1	1	seq01	seq1	
1491051	1492275	1756913	1758130	1225	1218	92.44	1770022	5295158	0.07	0.02	1	1	seq01	seq1	
1494527	1505160	1758251	1768944	10634	10694	92.64	1770022	5295158	0.60	0.20	1	1	seq01	seq1	
1505301	1507665	1768949	1771313	2365	2365	92.44	1770022	5295158	0.13	0.04	1	1	seq01	seq1	
1507818	1512307	1777234	1781766	4490	4533	94.91	1770022	5295158	0.25	0.09	1	1	seq01	seq1	
1512816	1515644	1781756	1784581	2829	2826	92.76	1770022	5295158	0.16	0.05	1	1	seq01	seq1	
1515704	1518197	1789850	1792342	2494	2493	94.03	1770022	5295158	0.14	0.05	1	1	seq01	seq1	
1519456	1525058	1792809	1798408	5603	5600	95.20	1770022	5295158	0.32	0.11	1	1	seq01	seq1	
1526335	1527920	1798735	1800320	1586	1586	95.34	1770022	5295158	0.09	0.03	1	1	seq01	seq1	
1528282	1533264	1800317	1805294	4983	4978	93.39	1770022	5295158	0.28	0.09	1	1	seq01	seq1	
1533432	1534498	1805350	1806416	1067	1067	91.01	1770022	5295158	0.06	0.02	1	1	seq01	seq1	
1534494	1539780	1806562	1811851	5287	5290	94.73	1770022	5295158	0.30	0.10	1	1	seq01	seq1	
1539804	1546144	1813611	1819951	6341	6341	92.77	1770022	5295158	0.36	0.12	1	1	seq01	seq1	
1547324	1549669	1820938	1823284	2346	2347	93.57	1770022	5295158	0.13	0.04	1	1	seq01	seq1	
1549864	1575624	1828649	1854454	25761	25806	94.10	1770022	5295158	1.46	0.49	1	1	seq01	seq1	
1575770	1577155	1854867	1856252	1386	1386	95.53	1770022	5295158	0.08	0.03	1	1	seq01	seq1	
1578420	1579584	1859298	1860460	1165	1163	94.94	1770022	5295158	0.07	0.02	1	1	seq01	seq1	
1579861	1581195	1860697	1862055	1335	1359	91.03	1770022	5295158	0.08	0.03	1	1	seq01	seq1	
1581348	1586831	1863094	1868632	5484	5539	91.00	1770022	5295158	0.31	0.10	1	1	seq01	seq1	
1588822	1590341	1874375	1875893	1520	1519	95.66	1770022	5295158	0.09	0.03	1	1	seq01	seq1	
1592511	1596258	1875875	1879625	3748	3751	93.82	1770022	5295158	0.21	0.07	1	1	seq01	seq1	
1639736	1641747	1880704	1882712	2012	2009	92.66	1770022	5295158	0.11	0.04	1	1	seq01	seq1	
1647441	1648558	1883266	1884382	1118	1117	93.11	1770022	5295158	0.06	0.02	1	1	seq01	seq1	
1651101	1660392	1884379	1893624	9292	9246	93.19	1770022	5295158	0.52	0.17	1	1	seq01	seq1	
1667283	1667375	1896246	1896338	93	93	98.92	1770022	5295158	0.01	0.00	1	1	seq01	seq1	
1667371	1673847	1896486	1902958	6477	6473	93.34	1770022	5295158	0.37	0.12	1	1	seq01	seq1	
1673967	1680292	1903056	1909391	6326	6336	91.48	1770022	5295158	0.36	0.12	1	1	seq01	seq1	
1681144	1687488	1910587	1916944	6345	6358	93.17	1770022	5295158	0.36	0.12	1	1	seq01	seq1	
1689004	1689335	1919142	1919473	332	332	93.37	1770022	5295158	0.02	0.01	1	1	seq01	seq1	
1689782	1689968	1919607	1919793	187	187	96.79	1770022	5295158	0.01	0.00	1	1	seq01	seq1	
1696860	1701186	1920715	1925043	4327	4329	93.53	1770022	5295158	0.24	0.08	1	1	seq01	seq1	
1701206	1702584	1926153	1927533	1379	1381	93.78	1770022	5295158	0.08	0.03	1	1	seq01	seq1	
1707695	1711057	1937270	1940620	3363	3351	89.37	1770022	5295158	0.19	0.06	1	1	seq01	seq1	
1711767	1713518	1940665	1942408	1752	1744	84.66	1770022	5295158	0.10	0.03	1	1	seq01	seq1	
1716898	1717935	1948808	1949845	1038	1038	91.04	1770022	5295158	0.06	0.02	1	1	seq01	seq1	
1717969	1719742	1957504	1959268	1774	1765	92.48	1770022	5295158	0.10	0.03	1	1	seq01	seq1	
1720126	1725935	1963987	1969760	5810	5774	91.07	1770022	5295158	0.33	0.11	1	1	seq01	seq1	
1726087	1729421	1974947	1978299	3335	3353	91.16	1770022	5295158	0.19	0.06	1	1	seq01	seq1	
1729494	1733081	1980782	1984305	3588	3524	93.72	1770022	5295158	0.20	0.07	1	1	seq01	seq1	
1733077	1740485	1984404	1991864	7409	7461	93.76	1770022	5295158	0.42	0.14	1	1	seq01	seq1	
1742749	1748774	1992075	1998095	6026	6021	96.95	1770022	5295158	0.34	0.11	1	1	seq01	seq1	
1748973	1757749	1998112	2006893	8777	8782	96.36	1770022	5295158	0.50	0.17	1	1	seq01	seq1	
1757749	1759418	2007064	2008735	1670	1672	97.19	1770022	5295158	0.09	0.03	1	1	seq01	seq1	
1762577	1763530	2008953	2009894	954	942	94.13	1770022	5295158	0.05	0.02	1	1	seq01	seq1	
1765228	1767598	2009902	2012272	2371	2371	96.67	1770022	5295158	0.13	0.04	1	1	seq01	seq1	
1767443	1767942	2029126	2029625	500	500	94.41	1770022	5295158	0.03	0.01	1	1	seq01	seq1	
1768041	1770022	2029768	2031750	1982	1983	97.18	1770022	5295158	0.11	0.04	1	1	seq01	seq1	
34487	35392	2034053	2033150	906	904	95.70	35540	5295158	2.55	0.02	1	-1	seq15	seq1	
30095	33096	2037237	2034217	3002	3021	93.42	35540	5295158	8.45	0.06	1	-1	seq15	seq1	
22331	23407	2038508	2037429	1077	1080	90.76	35540	5295158	3.03	0.02	1	-1	seq15	seq1	
15250	22163	2046403	2039491	6914	6913	93.58	35540	5295158	19.45	0.13	1	-1	seq15	seq1	
13824	15217	2049825	2048432	1394	1394	91.19	35540	5295158	3.92	0.03	1	-1	seq15	seq1	
10185	13821	2053560	2049949	3637	3612	93.14	35540	5295158	10.23	0.07	1	-1	seq15	seq1	
8864	10127	2055637	2054374	1264	1264	95.33	35540	5295158	3.56	0.02	1	-1	seq15	seq1	
6529	8725	2057859	2055743	2197	2117	90.81	35540	5295158	6.18	0.04	1	-1	seq15	seq1	
759	6517	2063779	2058021	5759	5759	94.22	35540	5295158	16.20	0.11	1	-1	seq15	seq1	
942766	943427	2064438	2063777	662	662	93.05	944357	5295158	0.07	0.01	1	-1	seq02	seq1	
936908	942754	2070632	2064827	5847	5806	94.39	944357	5295158	0.62	0.11	1	-1	seq02	seq1	
935500	936658	2072863	2071705	1159	1159	91.39	944357	5295158	0.12	0.02	1	-1	seq02	seq1	
922898	934963	2085932	2073920	12066	12013	94.01	944357	5295158	1.28	0.23	1	-1	seq02	seq1	
914732	921529	2092755	2085950	6798	6806	93.10	944357	5295158	0.72	0.13	1	-1	seq02	seq1	
909844	910917	2094990	2093918	1074	1073	89.02	944357	5295158	0.11	0.02	1	-1	seq02	seq1	
902017	906798	2100922	2096076	4782	4847	90.44	944357	5295158	0.51	0.09	1	-1	seq02	seq1	
898406	901895	2108757	2105269	3490	3489	93.21	944357	5295158	0.37	0.07	1	-1	seq02	seq1	
891311	898329	2115896	2108904	7019	6993	92.70	944357	5295158	0.74	0.13	1	-1	seq02	seq1	
874343	882698	2124380	2116045	8356	8336	94.36	944357	5295158	0.88	0.16	1	-1	seq02	seq1	
869707	874266	2129643	2125075	4560	4569	91.91	944357	5295158	0.48	0.09	1	-1	seq02	seq1	
867840	869560	2131512	2129805	1721	1708	87.92	944357	5295158	0.18	0.03	1	-1	seq02	seq1	
851935	867790	2150187	2134297	15856	15891	94.30	944357	5295158	1.68	0.30	1	-1	seq02	seq1	
850549	851093	2150882	2150338	545	545	91.93	944357	5295158	0.06	0.01	1	-1	seq02	seq1	
838235	850322	2164489	2152405	12088	12085	94.46	944357	5295158	1.28	0.23	1	-1	seq02	seq1	
832260	835295	2168016	2164870	3036	3147	85.02	944357	5295158	0.32	0.06	1	-1	seq02	seq1	
820556	832257	2180307	2168568	11702	11740	94.94	944357	5295158	1.24	0.22	1	-1	seq02	seq1	
814927	820553	2185932	2180413	5627	5520	91.46	944357	5295158	0.60	0.10	1	-1	seq02	seq1	
813468	814854	2187575	2186191	1387	1385	95.29	944357	5295158	0.15	0.03	1	-1	seq02	seq1	
808646	813541	2196558	2191652	4896	4907	96.45	944357	5295158	0.52	0.09	1	-1	seq02	seq1	
806802	807801	2202077	2201081	1000	997	95.10	944357	5295158	0.11	0.02	1	-1	seq02	seq1	
799500	806186	2210351	2203662	6687	6690	92.70	944357	5295158	0.71	0.13	1	-1	seq02	seq1	
795337	799025	2214069	2210367	3689	3703	92.47	944357	5295158	0.39	0.07	1	-1	seq02	seq1	
784750	793081	2223126	2214799	8332	8328	93.91	944357	5295158	0.88	0.16	1	-1	seq02	seq1	
783269	784749	2225520	2224038	1481	1483	91.11	944357	5295158	0.16	0.03	1	-1	seq02	seq1	
782188	782727	2226605	2226062	540	544	88.28	944357	5295158	0.06	0.01	1	-1	seq02	seq1	
778446	781160	2229949	2227235	2715	2715	94.26	944357	5295158	0.29	0.05	1	-1	seq02	seq1	
776053	778435	2232683	2230300	2383	2384	94.59	944357	5295158	0.25	0.05	1	-1	seq02	seq1	
771117	775389	2237663	2233389	4273	4275	94.17	944357	5295158	0.45	0.08	1	-1	seq02	seq1	
769397	771122	2239913	2238168	1726	1746	87.61	944357	5295158	0.18	0.03	1	-1	seq02	seq1	
761976	769285	2247319	2240013	7310	7307	91.52	944357	5295158	0.77	0.14	1	-1	seq02	seq1	
760514	760943	2252356	2251927	430	430	90.93	944357	5295158	0.05	0.01	1	-1	seq02	seq1	
759400	760434	2256243	2255210	1035	1034	95.75	944357	5295158	0.11	0.02	1	-1	seq02	seq1	
754341	759169	2262942	2258107	4829	4836	93.28	944357	5295158	0.51	0.09	1	-1	seq02	seq1	
746349	753397	2269990	2262954	7049	7037	91.73	944357	5295158	0.75	0.13	1	-1	seq02	seq1	
745602	746263	2270909	2270243	662	667	88.52	944357	5295158	0.07	0.01	1	-1	seq02	seq1	
739609	745032	2277403	2271991	5424	5413	94.21	944357	5295158	0.57	0.10	1	-1	seq02	seq1	
722547	739090	2295525	2278974	16544	16552	93.69	944357	5295158	1.75	0.31	1	-1	seq02	seq1	
716099	722455	2302281	2295941	6357	6341	92.83	944357	5295158	0.67	0.12	1	-1	seq02	seq1	
699098	715923	2320213	2303310	16826	16904	93.52	944357	5295158	1.78	0.32	1	-1	seq02	seq1	
698299	698977	2321196	2320516	679	681	89.90	944357	5295158	0.07	0.01	1	-1	seq02	seq1	
696979	697201	2321411	2321189	223	223	94.62	944357	5295158	0.02	0.00	1	-1	seq02	seq1	
696439	696981	2322530	2321988	543	543	90.44	944357	5295158	0.06	0.01	1	-1	seq02	seq1	
695093	695511	2322947	2322529	419	419	92.84	944357	5295158	0.04	0.01	1	-1	seq02	seq1	
686922	694971	2333148	2325049	8050	8100	93.24	944357	5295158	0.85	0.15	1	-1	seq02	seq1	
685462	686293	2334893	2334062	832	832	89.56	944357	5295158	0.09	0.02	1	-1	seq02	seq1	
684513	685022	2335875	2335366	510	510	91.98	944357	5295158	0.05	0.01	1	-1	seq02	seq1	
675965	684179	2344835	2336619	8215	8217	93.88	944357	5295158	0.87	0.16	1	-1	seq02	seq1	
673602	673761	2345338	2345179	160	160	87.50	944357	5295158	0.02	0.00	1	-1	seq02	seq1	
667684	673253	2351021	2345445	5570	5577	93.19	944357	5295158	0.59	0.11	1	-1	seq02	seq1	
661817	666434	2355634	2351019	4618	4616	94.48	944357	5295158	0.49	0.09	1	-1	seq02	seq1	
657484	661701	2360551	2356317	4218	4235	94.71	944357	5295158	0.45	0.08	1	-1	seq02	seq1	
653577	655602	2364756	2362729	2026	2028	94.39	944357	5295158	0.21	0.04	1	-1	seq02	seq1	
652472	653534	2365813	2364752	1063	1062	95.01	944357	5295158	0.11	0.02	1	-1	seq02	seq1	
647058	652306	2372089	2366828	5249	5262	93.84	944357	5295158	0.56	0.10	1	-1	seq02	seq1	
646394	646880	2373451	2372964	487	488	89.55	944357	5295158	0.05	0.01	1	-1	seq02	seq1	
639430	644560	2378604	2373473	5131	5132	93.56	944357	5295158	0.54	0.10	1	-1	seq02	seq1	
620401	627035	2386333	2379755	6635	6579	92.74	944357	5295158	0.70	0.12	1	-1	seq02	seq1	
608490	620322	2398389	2386593	11833	11797	93.20	944357	5295158	1.25	0.22	1	-1	seq02	seq1	
605563	608240	2401078	2398397	2678	2682	93.19	944357	5295158	0.28	0.05	1	-1	seq02	seq1	
601393	603278	2403434	2401546	1886	1889	92.01	944357	5295158	0.20	0.04	1	-1	seq02	seq1	
596854	600460	2407070	2403464	3607	3607	95.93	944357	5295158	0.38	0.07	1	-1	seq02	seq1	
596007	596853	2408110	2407264	847	847	94.34	944357	5295158	0.09	0.02	1	-1	seq02	seq1	
592025	595780	2412061	2408330	3756	3732	91.89	944357	5295158	0.40	0.07	1	-1	seq02	seq1	
591264	592023	2413197	2412435	760	763	93.05	944357	5295158	0.08	0.01	1	-1	seq02	seq1	
582945	591264	2422490	2414001	8320	8490	92.62	944357	5295158	0.88	0.16	1	-1	seq02	seq1	
581564	582855	2424196	2422906	1292	1291	84.52	944357	5295158	0.14	0.02	1	-1	seq02	seq1	
580098	581523	2428557	2427158	1426	1400	92.64	944357	5295158	0.15	0.03	1	-1	seq02	seq1	
573975	576117	2430814	2428657	2143	2158	94.72	944357	5295158	0.23	0.04	1	-1	seq02	seq1	
570972	573964	2433943	2430962	2993	2982	90.53	944357	5295158	0.32	0.06	1	-1	seq02	seq1	
565055	569154	2438881	2434822	4100	4060	92.08	944357	5295158	0.43	0.08	1	-1	seq02	seq1	
563858	564917	2440954	2439897	1060	1058	89.08	944357	5295158	0.11	0.02	1	-1	seq02	seq1	
554802	563716	2452682	2443766	8915	8917	93.35	944357	5295158	0.94	0.17	1	-1	seq02	seq1	
542251	552488	2463062	2452839	10238	10224	94.40	944357	5295158	1.08	0.19	1	-1	seq02	seq1	
541097	542185	2464676	2463587	1089	1090	86.54	944357	5295158	0.12	0.02	1	-1	seq02	seq1	
535847	540967	2469873	2464700	5121	5174	93.59	944357	5295158	0.54	0.10	1	-1	seq02	seq1	
514126	532412	2496434	2478088	18287	18347	93.83	944357	5295158	1.94	0.35	1	-1	seq02	seq1	
513921	514110	2498544	2498355	190	190	96.84	944357	5295158	0.02	0.00	1	-1	seq02	seq1	
510481	513766	2502839	2499544	3286	3296	94.94	944357	5295158	0.35	0.06	1	-1	seq02	seq1	
509833	510175	2504022	2503681	343	342	90.72	944357	5295158	0.04	0.01	1	-1	seq02	seq1	
501833	508097	2513269	2507013	6265	6257	93.73	944357	5295158	0.66	0.12	1	-1	seq02	seq1	
500625	501581	2517927	2516971	957	957	88.41	944357	5295158	0.10	0.02	1	-1	seq02	seq1	
499905	500559	2519733	2519080	655	654	86.43	944357	5295158	0.07	0.01	1	-1	seq02	seq1	
498501	499903	2521258	2519856	1403	1403	91.30	944357	5295158	0.15	0.03	1	-1	seq02	seq1	
491146	491676	2522058	2521527	531	532	85.34	944357	5295158	0.06	0.01	1	-1	seq02	seq1	
489479	490159	2522946	2522268	681	679	92.36	944357	5295158	0.07	0.01	1	-1	seq02	seq1	
483171	489311	2529220	2523037	6141	6184	90.58	944357	5295158	0.65	0.12	1	-1	seq02	seq1	
476763	483171	2535740	2529330	6409	6411	93.05	944357	5295158	0.68	0.12	1	-1	seq02	seq1	
463104	476248	2550560	2537428	13145	13133	95.70	944357	5295158	1.39	0.25	1	-1	seq02	seq1	
420390	427357	2558300	2551325	6968	6976	93.44	944357	5295158	0.74	0.13	1	-1	seq02	seq1	
419588	420249	2576589	2575928	662	662	91.69	944357	5295158	0.07	0.01	1	-1	seq02	seq1	
416486	419591	2580977	2577856	3106	3122	95.01	944357	5295158	0.33	0.06	1	-1	seq02	seq1	
403037	415387	2593075	2580731	12351	12345	91.61	944357	5295158	1.31	0.23	1	-1	seq02	seq1	
400995	402805	2595625	2593808	1811	1818	93.14	944357	5295158	0.19	0.03	1	-1	seq02	seq1	
398133	400994	2598712	2595840	2862	2873	93.25	944357	5295158	0.30	0.05	1	-1	seq02	seq1	
397377	398130	2600976	2600222	754	755	89.93	944357	5295158	0.08	0.01	1	-1	seq02	seq1	
396120	396590	2603724	2603252	471	473	90.91	944357	5295158	0.05	0.01	1	-1	seq02	seq1	
380688	396060	2621441	2606093	15373	15349	93.48	944357	5295158	1.63	0.29	1	-1	seq02	seq1	
379626	380696	2624042	2622975	1071	1068	88.07	944357	5295158	0.11	0.02	1	-1	seq02	seq1	
378726	379513	2625000	2624215	788	786	80.96	944357	5295158	0.08	0.01	1	-1	seq02	seq1	
375709	377879	2629880	2627710	2171	2171	92.96	944357	5295158	0.23	0.04	1	-1	seq02	seq1	
363273	375698	2642446	2629998	12426	12449	92.09	944357	5295158	1.32	0.24	1	-1	seq02	seq1	
356240	359469	2645754	2642523	3230	3232	94.37	944357	5295158	0.34	0.06	1	-1	seq02	seq1	
346097	356247	2716633	2706464	10151	10170	93.09	944357	5295158	1.07	0.19	1	-1	seq02	seq1	
341222	345507	2720933	2716658	4286	4276	93.33	944357	5295158	0.45	0.08	1	-1	seq02	seq1	
340048	340508	2721389	2720935	461	455	86.33	944357	5295158	0.05	0.01	1	-1	seq02	seq1	
335525	338930	2727620	2724222	3406	3399	86.51	944357	5295158	0.36	0.06	1	-1	seq02	seq1	
332621	334985	2730034	2727669	2365	2366	93.79	944357	5295158	0.25	0.04	1	-1	seq02	seq1	
329233	332620	2735250	2731867	3388	3384	89.28	944357	5295158	0.36	0.06	1	-1	seq02	seq1	
296029	327897	2767138	2735216	31869	31923	92.68	944357	5295158	3.37	0.60	1	-1	seq02	seq1	
288828	295161	2773489	2767155	6334	6335	95.91	944357	5295158	0.67	0.12	1	-1	seq02	seq1	
273852	288809	2788555	2773626	14958	14930	94.39	944357	5295158	1.58	0.28	1	-1	seq02	seq1	
269837	273854	2794443	2790404	4018	4040	91.90	944357	5295158	0.43	0.08	1	-1	seq02	seq1	
268690	269596	2796484	2795572	907	913	92.00	944357	5295158	0.10	0.02	1	-1	seq02	seq1	
267837	268416	2798073	2797494	580	580	92.41	944357	5295158	0.06	0.01	1	-1	seq02	seq1	
266832	267761	2801680	2800696	930	985	87.11	944357	5295158	0.10	0.02	1	-1	seq02	seq1	
265986	266634	2802329	2801681	649	649	92.62	944357	5295158	0.07	0.01	1	-1	seq02	seq1	
263755	264843	2805701	2804630	1089	1072	87.02	944357	5295158	0.12	0.02	1	-1	seq02	seq1	
261875	262768	2807000	2806110	894	891	92.30	944357	5295158	0.09	0.02	1	-1	seq02	seq1	
261083	261574	2807727	2807257	492	471	88.28	944357	5295158	0.05	0.01	1	-1	seq02	seq1	
238315	252691	2821996	2807624	14377	14373	96.66	944357	5295158	1.52	0.27	1	-1	seq02	seq1	
221709	238109	2838780	2822376	16401	16405	96.56	944357	5295158	1.74	0.31	1	-1	seq02	seq1	
217195	221707	2845210	2840697	4513	4514	93.29	944357	5295158	0.48	0.09	1	-1	seq02	seq1	
217093	217196	2847471	2847368	104	104	97.12	944357	5295158	0.01	0.00	1	-1	seq02	seq1	
216721	217101	2848740	2848359	381	382	89.53	944357	5295158	0.04	0.01	1	-1	seq02	seq1	
209033	216725	2856964	2849248	7693	7717	93.19	944357	5295158	0.81	0.15	1	-1	seq02	seq1	
199966	209036	2866573	2857488	9071	9086	94.45	944357	5295158	0.96	0.17	1	-1	seq02	seq1	
181478	199966	2885982	2867513	18489	18470	95.32	944357	5295158	1.96	0.35	1	-1	seq02	seq1	
166388	181118	2900725	2885996	14731	14730	93.73	944357	5295158	1.56	0.28	1	-1	seq02	seq1	
160137	161579	2902166	2900725	1443	1442	96.12	944357	5295158	0.15	0.03	1	-1	seq02	seq1	
136775	138443	2903859	2902191	1669	1669	92.69	944357	5295158	0.18	0.03	1	-1	seq02	seq1	
124740	136160	2915348	2903976	11421	11373	92.96	944357	5295158	1.21	0.21	1	-1	seq02	seq1	
119004	123928	2920432	2915508	4925	4925	95.70	944357	5295158	0.52	0.09	1	-1	seq02	seq1	
111828	116977	2925674	2920515	5150	5160	95.74	944357	5295158	0.55	0.10	1	-1	seq02	seq1	
109257	109717	2926174	2925715	461	460	93.28	944357	5295158	0.05	0.01	1	-1	seq02	seq1	
105235	109104	2930867	2926998	3870	3870	95.40	944357	5295158	0.41	0.07	1	-1	seq02	seq1	
95017	103322	2939180	2930864	8306	8317	94.32	944357	5295158	0.88	0.16	1	-1	seq02	seq1	
79255	94763	2955649	2940154	15509	15496	94.55	944357	5295158	1.64	0.29	1	-1	seq02	seq1	
70657	77749	2963007	2955825	7093	7183	93.31	944357	5295158	0.75	0.14	1	-1	seq02	seq1	
67009	70643	2969096	2965460	3635	3637	93.16	944357	5295158	0.38	0.07	1	-1	seq02	seq1	
58967	66460	2976624	2969124	7494	7501	96.17	944357	5295158	0.79	0.14	1	-1	seq02	seq1	
55349	56273	2979895	2978971	925	925	95.14	944357	5295158	0.10	0.02	1	-1	seq02	seq1	
42379	55348	2993327	2980380	12970	12948	92.89	944357	5295158	1.37	0.24	1	-1	seq02	seq1	
7604	42379	3032472	2997590	34776	34883	94.86	944357	5295158	3.68	0.66	1	-1	seq02	seq1	
45	17199	3032497	3049677	17155	17181	94.95	218248	5295158	7.86	0.32	1	1	seq07	seq1	
17355	18783	3049680	3051108	1429	1429	94.76	218248	5295158	0.65	0.03	1	1	seq07	seq1	
18707	28033	3052791	3062131	9327	9341	94.58	218248	5295158	4.27	0.18	1	1	seq07	seq1	
28027	52533	3063549	3088094	24507	24546	94.70	218248	5295158	11.23	0.46	1	1	seq07	seq1	
52680	56437	3088246	3091998	3758	3753	92.24	218248	5295158	1.72	0.07	1	1	seq07	seq1	
56439	57495	3092583	3093637	1057	1055	95.65	218248	5295158	0.48	0.02	1	1	seq07	seq1	
58204	66500	3099386	3107766	8297	8381	93.27	218248	5295158	3.80	0.16	1	1	seq07	seq1	
66500	68904	3107862	3110325	2405	2464	91.56	218248	5295158	1.10	0.05	1	1	seq07	seq1	
69099	74986	3116047	3121934	5888	5888	95.79	218248	5295158	2.70	0.11	1	1	seq07	seq1	
75126	77312	3122062	3124234	2187	2173	92.74	218248	5295158	1.00	0.04	1	1	seq07	seq1	
77613	84302	3124365	3131087	6690	6723	93.93	218248	5295158	3.07	0.13	1	1	seq07	seq1	
84394	88002	3133080	3136691	3609	3612	95.16	218248	5295158	1.65	0.07	1	1	seq07	seq1	
89369	94190	3136727	3141546	4822	4820	92.08	218248	5295158	2.21	0.09	1	1	seq07	seq1	
96194	96850	3142574	3143230	657	657	97.72	218248	5295158	0.30	0.01	1	1	seq07	seq1	
96846	100016	3143378	3146547	3171	3170	94.58	218248	5295158	1.45	0.06	1	1	seq07	seq1	
101112	109359	3146593	3154825	8248	8233	94.48	218248	5295158	3.78	0.16	1	1	seq07	seq1	
109498	112505	3166970	3169978	3008	3009	93.30	218248	5295158	1.38	0.06	1	1	seq07	seq1	
115017	121700	3170060	3176760	6684	6701	92.39	218248	5295158	3.06	0.13	1	1	seq07	seq1	
121720	126867	3177564	3182711	5148	5148	95.30	218248	5295158	2.36	0.10	1	1	seq07	seq1	
127043	143592	3185263	3201814	16550	16552	93.49	218248	5295158	7.58	0.31	1	1	seq07	seq1	
148912	150694	3201806	3203600	1783	1795	92.20	218248	5295158	0.82	0.03	1	1	seq07	seq1	
152689	154971	3203622	3205903	2283	2282	94.96	218248	5295158	1.05	0.04	1	1	seq07	seq1	
155110	157457	3206079	3208426	2348	2348	93.83	218248	5295158	1.08	0.04	1	1	seq07	seq1	
157786	172077	3209819	3224136	14292	14318	92.85	218248	5295158	6.55	0.27	1	1	seq07	seq1	
173006	174309	3224151	3225459	1304	1309	88.45	218248	5295158	0.60	0.02	1	1	seq07	seq1	
176477	183204	3226331	3233026	6728	6696	93.31	218248	5295158	3.08	0.13	1	1	seq07	seq1	
183206	192309	3233182	3242263	9104	9082	93.54	218248	5295158	4.17	0.17	1	1	seq07	seq1	
192328	193680	3244270	3245621	1353	1352	90.84	218248	5295158	0.62	0.03	1	1	seq07	seq1	
193808	194688	3245720	3246600	881	881	90.58	218248	5295158	0.40	0.02	1	1	seq07	seq1	
196315	198464	3246748	3248897	2150	2150	90.63	218248	5295158	0.99	0.04	1	1	seq07	seq1	
198582	200440	3249522	3251404	1859	1883	87.54	218248	5295158	0.85	0.04	1	1	seq07	seq1	
201090	207201	3252051	3258198	6112	6148	92.51	218248	5295158	2.80	0.12	1	1	seq07	seq1	
207323	207955	3258198	3258828	633	631	89.61	218248	5295158	0.29	0.01	1	1	seq07	seq1	
208074	208508	3258935	3259360	435	426	83.52	218248	5295158	0.20	0.01	1	1	seq07	seq1	
208652	218248	3259361	3268962	9597	9602	95.62	218248	5295158	4.40	0.18	1	1	seq07	seq1	
1	1387	3268837	3270222	1387	1386	97.48	1387	5295158	100.00	0.03	1	1	seq22	seq1	[CONTAINED]
1	3990	3270096	3274087	3990	3992	93.60	935469	5295158	0.43	0.08	1	1	seq03	seq1	
4077	13799	3275161	3284880	9723	9720	92.92	935469	5295158	1.04	0.18	1	1	seq03	seq1	
13811	15183	3285316	3286686	1373	1371	91.99	935469	5295158	0.15	0.03	1	1	seq03	seq1	
17086	17781	3286684	3287379	696	696	96.26	935469	5295158	0.07	0.01	1	1	seq03	seq1	
17779	22693	3288722	3293636	4915	4915	95.20	935469	5295158	0.53	0.09	1	1	seq03	seq1	
22694	27246	3293790	3298416	4553	4627	93.18	935469	5295158	0.49	0.09	1	1	seq03	seq1	
27245	27819	3299432	3300006	575	575	94.79	935469	5295158	0.06	0.01	1	1	seq03	seq1	
27818	38103	3301088	3311443	10286	10356	93.03	935469	5295158	1.10	0.20	1	1	seq03	seq1	
38874	56694	3312259	3330067	17821	17809	94.66	935469	5295158	1.91	0.34	1	1	seq03	seq1	
56706	59598	3331107	3333999	2893	2893	94.48	935469	5295158	0.31	0.05	1	1	seq03	seq1	
59754	61046	3342830	3344123	1293	1294	91.81	935469	5295158	0.14	0.02	1	1	seq03	seq1	
62117	75648	3345718	3359244	13532	13527	95.20	935469	5295158	1.45	0.26	1	1	seq03	seq1	
75876	76098	3359733	3359955	223	223	86.22	935469	5295158	0.02	0.00	1	1	seq03	seq1	
88048	89000	3361404	3362355	953	952	88.58	935469	5295158	0.10	0.02	1	1	seq03	seq1	
89257	91686	3362536	3364926	2430	2391	90.29	935469	5295158	0.26	0.05	1	1	seq03	seq1	
92548	101943	3365704	3375115	9396	9412	92.09	935469	5295158	1.00	0.18	1	1	seq03	seq1	
103135	113217	3376364	3386510	10083	10147	89.57	935469	5295158	1.08	0.19	1	1	seq03	seq1	
113323	170009	3386625	3443328	56687	56704	92.69	935469	5295158	6.06	1.07	1	1	seq03	seq1	
170009	175212	3443481	3448624	5204	5144	94.22	935469	5295158	0.56	0.10	1	1	seq03	seq1	
175333	186324	3448624	3459553	10992	10930	95.02	935469	5295158	1.18	0.21	1	1	seq03	seq1	
187711	205374	3459600	3477315	17664	17716	95.68	935469	5295158	1.89	0.33	1	1	seq03	seq1	
205557	261330	3477498	3533229	55774	55732	95.41	935469	5295158	5.96	1.05	1	1	seq03	seq1	
261492	280026	3533254	3551786	18535	18533	95.04	935469	5295158	1.98	0.35	1	1	seq03	seq1	
280091	287072	3551780	3558786	6982	7007	95.21	935469	5295158	0.75	0.13	1	1	seq03	seq1	
287098	348727	3559244	3621012	61630	61769	95.04	935469	5295158	6.59	1.17	1	1	seq03	seq1	
348769	375662	3621409	3648292	26894	26884	94.48	935469	5295158	2.87	0.51	1	1	seq03	seq1	
375663	376022	3648669	3649028	360	360	97.50	935469	5295158	0.04	0.01	1	1	seq03	seq1	
377128	444187	3649032	3716096	67060	67065	95.70	935469	5295158	7.17	1.27	1	1	seq03	seq1	
444405	448498	3716324	3720413	4094	4090	96.21	935469	5295158	0.44	0.08	1	1	seq03	seq1	
449693	450275	3720494	3721076	583	583	86.86	935469	5295158	0.06	0.01	1	1	seq03	seq1	
452914	465212	3722448	3734738	12299	12291	95.29	935469	5295158	1.31	0.23	1	1	seq03	seq1	
465208	468472	3735416	3738672	3265	3257	92.47	935469	5295158	0.35	0.06	1	1	seq03	seq1	
468604	482933	3739747	3754018	14330	14272	92.83	935469	5295158	1.53	0.27	1	1	seq03	seq1	
482933	483148	3754170	3754380	216	211	87.50	935469	5295158	0.02	0.00	1	1	seq03	seq1	
483251	499482	3755735	3771961	16232	16227	95.05	935469	5295158	1.74	0.31	1	1	seq03	seq1	
499325	531025	3771975	3803709	31701	31735	96.08	935469	5295158	3.39	0.60	1	1	seq03	seq1	
531243	537896	3803863	3810511	6654	6649	97.27	935469	5295158	0.71	0.13	1	1	seq03	seq1	
537893	545050	3810979	3818142	7158	7164	94.65	935469	5295158	0.77	0.14	1	1	seq03	seq1	
545161	546850	3828510	3830199	1690	1690	96.33	935469	5295158	0.18	0.03	1	1	seq03	seq1	
547084	548682	3830348	3831961	1599	1614	82.62	935469	5295158	0.17	0.03	1	1	seq03	seq1	
548760	562742	3832433	3846416	13983	13984	94.52	935469	5295158	1.49	0.26	1	1	seq03	seq1	
562742	571776	3846515	3855549	9035	9035	95.42	935469	5295158	0.97	0.17	1	1	seq03	seq1	
571888	572971	3856108	3857190	1084	1083	91.98	935469	5295158	0.12	0.02	1	1	seq03	seq1	
573283	581640	3857978	3866331	8358	8354	96.32	935469	5295158	0.89	0.16	1	1	seq03	seq1	
583742	589515	3866449	3872231	5774	5783	94.61	935469	5295158	0.62	0.11	1	1	seq03	seq1	
589710	593371	3872224	3875912	3662	3689	92.90	935469	5295158	0.39	0.07	1	1	seq03	seq1	
593370	596046	3877799	3880484	2677	2686	93.12	935469	5295158	0.29	0.05	1	1	seq03	seq1	
596041	596348	3881584	3881886	308	303	94.82	935469	5295158	0.03	0.01	1	1	seq03	seq1	
608545	615214	3883414	3890024	6670	6611	94.31	935469	5295158	0.71	0.12	1	1	seq03	seq1	
615692	619996	3890060	3894492	4305	4433	92.04	935469	5295158	0.46	0.08	1	1	seq03	seq1	
622418	623749	3894494	3895905	1332	1412	86.27	935469	5295158	0.14	0.03	1	1	seq03	seq1	
623888	636911	3895996	3908982	13024	12987	94.75	935469	5295158	1.39	0.25	1	1	seq03	seq1	
638745	640071	3908971	3910302	1327	1332	93.85	935469	5295158	0.14	0.03	1	1	seq03	seq1	
641254	641404	3910801	3910950	151	150	92.72	935469	5295158	0.02	0.00	1	1	seq03	seq1	
642115	655624	3910969	3924526	13510	13558	95.46	935469	5295158	1.44	0.26	1	1	seq03	seq1	
660032	663321	3924656	3927943	3290	3288	95.14	935469	5295158	0.35	0.06	1	1	seq03	seq1	
663321	668879	3928095	3933636	5559	5542	96.46	935469	5295158	0.59	0.10	1	1	seq03	seq1	
669378	671881	3933626	3936128	2504	2503	94.25	935469	5295158	0.27	0.05	1	1	seq03	seq1	
673326	675628	3936741	3939021	2303	2281	92.97	935469	5295158	0.25	0.04	1	1	seq03	seq1	
677745	681112	3940962	3944329	3368	3368	94.69	935469	5295158	0.36	0.06	1	1	seq03	seq1	
683026	684929	3944328	3946231	1904	1904	95.06	935469	5295158	0.20	0.04	1	1	seq03	seq1	
684931	685900	3946358	3947327	970	970	98.25	935469	5295158	0.10	0.02	1	1	seq03	seq1	
685982	687020	3948464	3949501	1039	1038	93.36	935469	5295158	0.11	0.02	1	1	seq03	seq1	
687124	700118	3952444	3965436	12995	12993	94.63	935469	5295158	1.39	0.25	1	1	seq03	seq1	
700474	701508	3967003	3968037	1035	1035	95.17	935469	5295158	0.11	0.02	1	1	seq03	seq1	
701558	703535	3968867	3970853	1978	1987	93.86	935469	5295158	0.21	0.04	1	1	seq03	seq1	
703900	705069	3970844	3972000	1170	1157	94.11	935469	5295158	0.13	0.02	1	1	seq03	seq1	
705545	707969	3972144	3974571	2425	2428	94.90	935469	5295158	0.26	0.05	1	1	seq03	seq1	
710079	710961	3976834	3977716	883	883	94.93	935469	5295158	0.09	0.02	1	1	seq03	seq1	
712520	716803	3977956	3982251	4284	4296	94.83	935469	5295158	0.46	0.08	1	1	seq03	seq1	
716936	719598	3982259	3984897	2663	2639	92.46	935469	5295158	0.28	0.05	1	1	seq03	seq1	
720263	720774	3984993	3985509	512	517	86.87	935469	5295158	0.05	0.01	1	1	seq03	seq1	
724004	725587	3985842	3987426	1584	1585	94.70	935469	5295158	0.17	0.03	1	1	seq03	seq1	
727161	732294	3987440	3992585	5134	5146	91.77	935469	5295158	0.55	0.10	1	1	seq03	seq1	
732528	734197	3998621	4000288	1670	1668	94.37	935469	5295158	0.18	0.03	1	1	seq03	seq1	
735646	738393	4001946	4004688	2748	2743	92.70	935469	5295158	0.29	0.05	1	1	seq03	seq1	
746556	751372	4025559	4030373	4817	4815	92.86	935469	5295158	0.51	0.09	1	1	seq03	seq1	
764462	771897	4053678	4061156	7436	7479	93.81	935469	5295158	0.79	0.14	1	1	seq03	seq1	
771881	774436	4061331	4063895	2556	2565	96.57	935469	5295158	0.27	0.05	1	1	seq03	seq1	
777134	784053	4063978	4070906	6920	6929	91.82	935469	5295158	0.74	0.13	1	1	seq03	seq1	
784164	784439	4071023	4071301	276	279	83.99	935469	5295158	0.03	0.01	1	1	seq03	seq1	
784564	785429	4071441	4072297	866	857	86.91	935469	5295158	0.09	0.02	1	1	seq03	seq1	
785636	793424	4072504	4080282	7789	7779	95.95	935469	5295158	0.83	0.15	1	1	seq03	seq1	
793414	794042	4080449	4081078	629	630	95.71	935469	5295158	0.07	0.01	1	1	seq03	seq1	
794037	796293	4081793	4084048	2257	2256	94.15	935469	5295158	0.24	0.04	1	1	seq03	seq1	
796322	802554	4090090	4096255	6233	6166	93.57	935469	5295158	0.67	0.12	1	1	seq03	seq1	
802519	802998	4097306	4097785	480	480	96.04	935469	5295158	0.05	0.01	1	1	seq03	seq1	
802807	804896	4098680	4100765	2090	2086	90.60	935469	5295158	0.22	0.04	1	1	seq03	seq1	
805032	815776	4100799	4111537	10745	10739	95.63	935469	5295158	1.15	0.20	1	1	seq03	seq1	
815844	830172	4111673	4126000	14329	14328	95.47	935469	5295158	1.53	0.27	1	1	seq03	seq1	
832161	832996	4126053	4126891	836	839	91.67	935469	5295158	0.09	0.02	1	1	seq03	seq1	
836025	838026	4127158	4129106	2002	1949	91.22	935469	5295158	0.21	0.04	1	1	seq03	seq1	
584	1019	4129144	4129578	436	435	89.91	61450	5295158	0.71	0.01	1	1	seq11	seq1	
1165	1768	4139803	4140388	604	586	88.91	61450	5295158	0.98	0.01	1	1	seq11	seq1	
838022	841175	4140396	4143574	3154	3179	93.90	935469	5295158	0.34	0.06	1	1	seq03	seq1	
841179	855829	4144970	4159610	14651	14641	93.55	935469	5295158	1.57	0.28	1	1	seq03	seq1	
857080	863305	4160808	4167040	6226	6233	91.77	935469	5295158	0.67	0.12	1	1	seq03	seq1	
863303	870489	4169096	4176338	7187	7243	93.57	935469	5295158	0.77	0.14	1	1	seq03	seq1	
870494	870937	4176463	4176906	444	444	98.42	935469	5295158	0.05	0.01	1	1	seq03	seq1	
871159	886267	4177010	4192170	15109	15161	94.90	935469	5295158	1.62	0.29	1	1	seq03	seq1	
886517	890798	4193077	4197358	4282	4282	92.28	935469	5295158	0.46	0.08	1	1	seq03	seq1	
892835	903182	4199057	4209441	10348	10385	93.31	935469	5295158	1.11	0.20	1	1	seq03	seq1	
908201	911781	4209442	4213024	3581	3583	95.84	935469	5295158	0.38	0.07	1	1	seq03	seq1	
912165	935469	4218404	4241706	23305	23303	94.44	935469	5295158	2.49	0.44	1	1	seq03	seq1	
1	694	4241818	4242511	694	694	99.57	694	5295158	100.00	0.01	1	1	seq26	seq1	[CONTAINED]
1	4120	4247173	4251343	4120	4171	93.88	204686	5295158	2.01	0.08	1	1	seq08	seq1	
4444	18053	4251767	4265374	13610	13608	94.97	204686	5295158	6.65	0.26	1	1	seq08	seq1	
18053	49634	4266916	4298540	31582	31625	95.67	204686	5295158	15.43	0.60	1	1	seq08	seq1	
50042	52762	4298532	4301253	2721	2722	94.97	204686	5295158	1.33	0.05	1	1	seq08	seq1	
52795	67535	4301437	4316184	14741	14748	93.82	204686	5295158	7.20	0.28	1	1	seq08	seq1	
69091	71523	4317731	4320160	2433	2430	94.05	204686	5295158	1.19	0.05	1	1	seq08	seq1	
71650	87126	4320585	4336108	15477	15524	92.45	204686	5295158	7.56	0.29	1	1	seq08	seq1	
5086	5395	4336524	4336215	310	310	88.71	944357	5295158	0.03	0.01	1	-1	seq02	seq1	
87850	105249	4344466	4361777	17400	17312	94.47	204686	5295158	8.50	0.33	1	1	seq08	seq1	
105244	118884	4362359	4376071	13641	13713	95.03	204686	5295158	6.66	0.26	1	1	seq08	seq1	
118871	128263	4376348	4385675	9393	9328	93.30	204686	5295158	4.59	0.18	1	1	seq08	seq1	
129134	164262	4386546	4421648	35129	35103	94.77	204686	5295158	17.16	0.66	1	1	seq08	seq1	
169538	170667	4421653	4422785	1130	1133	95.94	204686	5295158	0.55	0.02	1	1	seq08	seq1	
170669	186338	4422934	4438695	15670	15762	95.15	204686	5295158	7.66	0.30	1	1	seq08	seq1	
189340	189516	4441274	4441450	177	177	91.06	204686	5295158	0.09	0.00	1	1	seq08	seq1	
189573	193423	4460357	4464196	3851	3840	95.85	204686	5295158	1.88	0.07	1	1	seq08	seq1	
193421	204686	4464344	4475624	11266	11281	95.98	204686	5295158	5.50	0.21	1	1	seq08	seq1	
1	35283	4480062	4515371	35283	35310	95.35	238460	5295158	14.80	0.67	1	1	seq06	seq1	
35276	37876	4516427	4519030	2601	2604	92.78	238460	5295158	1.09	0.05	1	1	seq06	seq1	
38051	47854	4519214	4529085	9804	9872	94.67	238460	5295158	4.11	0.19	1	1	seq06	seq1	
85555	99253	4529061	4542804	13699	13744	96.36	238460	5295158	5.74	0.26	1	1	seq06	seq1	
99249	109392	4542950	4553123	10144	10174	95.76	238460	5295158	4.25	0.19	1	1	seq06	seq1	
109384	116808	4553271	4560687	7425	7417	94.92	238460	5295158	3.11	0.14	1	1	seq06	seq1	
116805	130631	4560870	4574783	13827	13914	94.07	238460	5295158	5.80	0.26	1	1	seq06	seq1	
130636	142588	4575545	4587555	11953	12011	94.86	238460	5295158	5.01	0.23	1	1	seq06	seq1	
143664	149143	4588721	4594235	5480	5515	96.12	238460	5295158	2.30	0.10	1	1	seq06	seq1	
149167	150578	4595632	4597043	1412	1412	92.63	238460	5295158	0.59	0.03	1	1	seq06	seq1	
152505	185464	4597079	4629980	32960	32902	94.84	238460	5295158	13.82	0.62	1	1	seq06	seq1	
185654	187002	4630031	4631379	1349	1349	95.11	238460	5295158	0.57	0.03	1	1	seq06	seq1	
188065	225867	4633609	4671487	37803	37879	96.41	238460	5295158	15.85	0.72	1	1	seq06	seq1	
225873	237869	4671794	4683786	11997	11993	97.29	238460	5295158	5.03	0.23	1	1	seq06	seq1	
1	4463	4704700	4709185	4463	4486	95.35	8670	5295158	51.48	0.08	1	1	seq18	seq1	
5578	6628	4710247	4711298	1051	1052	94.12	8670	5295158	12.12	0.02	1	1	seq18	seq1	
7354	8670	4711299	4712614	1317	1316	97.27	8670	5295158	15.19	0.02	1	1	seq18	seq1	
1	15800	4724407	4740159	15800	15753	95.78	15800	5295158	100.00	0.30	1	1	seq16	seq1	[CONTAINED]
1	278	4724410	4724689	278	280	95.36	5329	5295158	5.22	0.01	1	1	seq20	seq1	
1	286	4740332	4740047	286	286	99.65	286	5295158	100.00	0.01	1	-1	seq33	seq1	[CONTAINED]
1	14432	4744935	4759363	14432	14429	97.80	96736	5295158	14.92	0.27	1	1	seq09	seq1	
14581	15989	4759363	4760769	1409	1407	93.33	96736	5295158	1.46	0.03	1	1	seq09	seq1	
16011	27858	4762313	4774145	11848	11833	96.10	96736	5295158	12.25	0.22	1	1	seq09	seq1	
27856	28182	4775865	4776190	327	326	95.41	96736	5295158	0.34	0.01	1	1	seq09	seq1	
28414	34476	4781632	4787702	6063	6071	95.08	96736	5295158	6.27	0.11	1	1	seq09	seq1	
34582	40256	4789393	4795070	5675	5678	94.49	96736	5295158	5.87	0.11	1	1	seq09	seq1	
40256	42841	4795195	4797780	2586	2586	95.17	96736	5295158	2.67	0.05	1	1	seq09	seq1	
42837	51423	4797926	4806509	8587	8584	95.32	96736	5295158	8.88	0.16	1	1	seq09	seq1	
51423	53711	4806662	4808952	2289	2291	95.94	96736	5295158	2.37	0.04	1	1	seq09	seq1	
54945	62214	4808945	4816197	7270	7253	93.05	96736	5295158	7.52	0.14	1	1	seq09	seq1	
62229	67507	4816717	4821992	5279	5276	94.77	96736	5295158	5.46	0.10	1	1	seq09	seq1	
68405	69382	4822894	4823871	978	978	88.85	96736	5295158	1.01	0.02	1	1	seq09	seq1	
72158	79949	4823875	4831634	7792	7760	92.04	96736	5295158	8.05	0.15	1	1	seq09	seq1	
87007	96736	4831645	4841374	9730	9730	97.21	96736	5295158	10.06	0.18	1	1	seq09	seq1	
1	58607	4845829	4904445	58607	58617	98.71	58607	5295158	100.00	1.11	1	1	seq12	seq1	[CONTAINED]
288	370	4909108	4909026	83	83	100.00	517	5295158	16.05	0.00	1	-1	seq29	seq1	
1	43645	4914560	4958229	43645	43670	97.45	48539	5295158	89.92	0.82	1	1	seq13	seq1	
43645	48539	4958382	4963277	4895	4896	97.61	48539	5295158	10.08	0.09	1	1	seq13	seq1	
1	14900	4967915	4982784	14900	14870	97.09	14900	5295158	100.00	0.28	1	1	seq17	seq1	[CONTAINED]
1	1130	4986342	4987471	1130	1130	100.00	1130	5295158	100.00	0.02	1	1	seq23	seq1	[CONTAINED]
260442	290763	5017674	4987345	30322	30330	97.18	290763	5295158	10.43	0.57	1	-1	seq04	seq1	
252823	260323	5025171	5017671	7501	7501	97.21	290763	5295158	2.58	0.14	1	-1	seq04	seq1	
175252	252731	5103573	5025870	77480	77704	94.89	290763	5295158	26.65	1.47	1	-1	seq04	seq1	
165965	174532	5112200	5103627	8568	8574	95.91	290763	5295158	2.95	0.16	1	-1	seq04	seq1	
159033	165746	5118924	5112232	6714	6693	95.76	290763	5295158	2.31	0.13	1	-1	seq04	seq1	
153718	158943	5124361	5119136	5226	5226	96.27	290763	5295158	1.80	0.10	1	-1	seq04	seq1	
151340	153496	5126562	5124405	2157	2158	89.50	290763	5295158	0.74	0.04	1	-1	seq04	seq1	
149466	151378	5139185	5137280	1913	1906	93.07	290763	5295158	0.66	0.04	1	-1	seq04	seq1	
135705	140965	5144460	5139182	5261	5279	91.20	290763	5295158	1.81	0.10	1	-1	seq04	seq1	
114696	135055	5165544	5145173	20360	20372	96.51	290763	5295158	7.00	0.38	1	-1	seq04	seq1	
112851	114606	5167539	5165732	1756	1808	95.13	290763	5295158	0.60	0.03	1	-1	seq04	seq1	
111573	112969	5169065	5167669	1397	1397	97.49	290763	5295158	0.48	0.03	1	-1	seq04	seq1	
105751	111573	5175015	5169190	5823	5826	96.74	290763	5295158	2.00	0.11	1	-1	seq04	seq1	
93306	105744	5187664	5175147	12439	12518	97.35	290763	5295158	4.28	0.24	1	-1	seq04	seq1	
85360	93311	5195869	5187902	7952	7968	93.57	290763	5295158	2.73	0.15	1	-1	seq04	seq1	
76289	85605	5205128	5195822	9317	9307	94.88	290763	5295158	3.20	0.18	1	-1	seq04	seq1	
72526	76137	5208740	5205128	3612	3613	97.45	290763	5295158	1.24	0.07	1	-1	seq04	seq1	
68315	72488	5214690	5210521	4174	4170	94.63	290763	5295158	1.44	0.08	1	-1	seq04	seq1	
65955	67603	5216417	5214769	1649	1649	98.48	290763	5295158	0.57	0.03	1	-1	seq04	seq1	
48994	49719	5229234	5228510	726	725	93.41	290763	5295158	0.25	0.01	1	-1	seq04	seq1	
47135	48045	5230268	5229358	911	911	93.42	290763	5295158	0.31	0.02	1	-1	seq04	seq1	
40446	46970	5237922	5231402	6525	6521	96.26	290763	5295158	2.24	0.12	1	-1	seq04	seq1	
39322	39519	5238112	5237912	198	201	91.54	290763	5295158	0.07	0.00	1	-1	seq04	seq1	
37308	39320	5241653	5239641	2013	2013	95.68	290763	5295158	0.69	0.04	1	-1	seq04	seq1	
35926	37105	5243049	5241856	1180	1194	85.12	290763	5295158	0.41	0.02	1	-1	seq04	seq1	
27680	35415	5252023	5244251	7736	7773	95.12	290763	5295158	2.66	0.15	1	-1	seq04	seq1	
585	25767	5279087	5253939	25183	25149	94.69	290763	5295158	8.66	0.47	1	-1	seq04	seq1	
79939	85657	10738	16433	5719	5696	97.13	96736	402605	5.91	1.41	1	1	seq09	seq2	
85657	86799	18451	19596	1143	1146	92.76	96736	402605	1.18	0.28	1	1	seq09	seq2	
88182	89272	47148	48242	1091	1095	83.03	218248	402605	0.50	0.27	1	1	seq07	seq2	
1680478	1680985	92286	91783	508	504	88.58	1770022	402605	0.03	0.13	1	-1	seq01	seq2	
417	834	134710	135126	418	417	92.60	5752	402605	7.27	0.10	1	1	seq19	seq2	
578030	579608	139653	138082	1579	1572	85.23	944357	402605	0.17	0.39	1	-1	seq02	seq2	
10404	11639	184058	182829	1236	1230	81.42	204686	402605	0.60	0.31	1	-1	seq08	seq2	
1622980	1625479	215872	213376	2500	2497	94.73	1770022	402605	0.14	0.62	1	-1	seq01	seq2	
1622710	1622972	216481	216219	263	263	84.91	1770022	402605	0.01	0.07	1	-1	seq01	seq2	
151099	152595	217971	219467	1497	1497	91.07	218248	402605	0.69	0.37	1	1	seq07	seq2	
761385	762246	250453	249591	862	863	94.44	935469	402605	0.09	0.21	1	-1	seq03	seq2	
427885	439600	292884	281166	11716	11719	94.24	944357	402605	1.24	2.91	1	-1	seq02	seq2	
1164442	1164790	324071	323722	349	350	89.14	1770022	402605	0.02	0.09	1	-1	seq01	seq2	
3871	5098	347337	346131	1228	1207	91.23	944357	402605	0.13	0.30	1	-1	seq02	seq2	
2162	2805	348134	347492	644	643	90.22	944357	402605	0.07	0.16	1	-1	seq02	seq2	
76132	76289	375858	375701	158	158	96.84	290763	402605	0.05	0.04	1	-1	seq04	seq2	
70678	71344	379797	380463	667	667	84.90	238460	402605	0.28	0.17	1	1	seq06	seq2	
72068	72164	381640	381736	97	97	97.94	238460	402605	0.04	0.02	1	1	seq06	seq2	
708957	709829	399198	398326	873	873	90.72	935469	402605	0.09	0.22	1	-1	seq03	seq2	
