246442	272538	26082	1	26097	26082	96.33	289144	5295158	9.03	0.49	1	-1	seq05	seq1	
242565	246446	30061	26228	3882	3834	93.44	289144	5295158	1.34	0.07	1	-1	seq05	seq1	
237635	240751	33183	30063	3117	3121	91.84	289144	5295158	1.08	0.06	1	-1	seq05	seq1	
237164	237537	33556	33183	374	374	94.13	289144	5295158	0.13	0.01	1	-1	seq05	seq1	
234216	237168	36911	33959	2953	2953	93.02	289144	5295158	1.02	0.06	1	-1	seq05	seq1	
215771	232643	53772	36899	16873	16874	96.38	289144	5295158	5.84	0.32	1	-1	seq05	seq1	
210896	215771	58842	53970	4876	4873	93.57	289144	5295158	1.69	0.09	1	-1	seq05	seq1	
201885	210945	82603	73543	9061	9061	98.74	289144	5295158	3.13	0.17	1	-1	seq05	seq1	
177805	185320	90099	82496	7516	7604	95.64	289144	5295158	2.60	0.14	1	-1	seq05	seq1	
176785	177659	92655	91781	875	875	94.75	289144	5295158	0.30	0.02	1	-1	seq05	seq1	
172467	176562	96908	92810	4096	4099	95.12	289144	5295158	1.42	0.08	1	-1	seq05	seq1	
169451	169968	97691	97183	518	509	86.49	289144	5295158	0.18	0.01	1	-1	seq05	seq1	
168837	169682	100545	99705	846	841	91.73	289144	5295158	0.29	0.02	1	-1	seq05	seq1	
160955	168665	111671	103919	7711	7753	95.86	289144	5295158	2.67	0.15	1	-1	seq05	seq1	
154917	160770	117613	111740	5854	5874	92.33	289144	5295158	2.02	0.11	1	-1	seq05	seq1	
151764	154922	121134	117973	3159	3162	95.89	289144	5295158	1.09	0.06	1	-1	seq05	seq1	
150549	152043	121743	120249	1495	1495	85.11	289144	5295158	0.52	0.03	1	-1	seq05	seq1	
142998	150780	129930	122128	7783	7803	95.61	289144	5295158	2.69	0.15	1	-1	seq05	seq1	
139287	141681	132623	130240	2395	2384	94.08	289144	5295158	0.83	0.05	1	-1	seq05	seq1	
138511	139196	133850	133162	686	689	97.39	289144	5295158	0.24	0.01	1	-1	seq05	seq1	
134946	138511	137538	133974	3566	3565	98.23	289144	5295158	1.23	0.07	1	-1	seq05	seq1	
130037	134939	143161	138191	4903	4971	93.45	289144	5295158	1.70	0.09	1	-1	seq05	seq1	
116131	130113	158994	145004	13983	13991	94.52	289144	5295158	4.84	0.26	1	-1	seq05	seq1	
112861	116120	163018	159756	3260	3263	95.41	289144	5295158	1.13	0.06	1	-1	seq05	seq1	
107513	112737	168544	163322	5225	5223	96.69	289144	5295158	1.81	0.10	1	-1	seq05	seq1	
93673	108064	182877	168539	14392	14339	95.50	289144	5295158	4.98	0.27	1	-1	seq05	seq1	
88505	92653	187422	183275	4149	4148	96.31	289144	5295158	1.43	0.08	1	-1	seq05	seq1	
85095	86982	189368	187485	1888	1884	95.41	289144	5295158	0.65	0.04	1	-1	seq05	seq1	
83221	84862	191249	189607	1642	1643	97.02	289144	5295158	0.57	0.03	1	-1	seq05	seq1	
72617	83091	201645	191259	10475	10387	96.23	289144	5295158	3.62	0.20	1	-1	seq05	seq1	
58714	72265	215585	202016	13552	13570	95.12	289144	5295158	4.69	0.26	1	-1	seq05	seq1	
57359	58497	217392	216252	1139	1141	93.98	289144	5295158	0.39	0.02	1	-1	seq05	seq1	
52005	57311	227164	221859	5307	5306	95.25	289144	5295158	1.84	0.10	1	-1	seq05	seq1	
46654	48319	228857	227197	1666	1661	95.44	289144	5295158	0.58	0.03	1	-1	seq05	seq1	
40760	46566	234800	228986	5807	5815	95.27	289144	5295158	2.01	0.11	1	-1	seq05	seq1	
36637	40563	240415	236489	3927	3927	93.82	289144	5295158	1.36	0.07	1	-1	seq05	seq1	
7186	30075	263376	240461	22890	22916	96.56	289144	5295158	7.92	0.43	1	-1	seq05	seq1	
1	7186	270710	263524	7186	7187	96.80	289144	5295158	2.49	0.14	1	-1	seq05	seq1	
1767930	1770296	277449	275079	2367	2371	98.99	1770296	5295158	0.13	0.04	1	-1	seq01	seq1	
1766084	1767626	280696	279153	1543	1544	97.15	1770296	5295158	0.09	0.03	1	-1	seq01	seq1	
1756227	1765796	295064	285496	9570	9569	96.86	1770296	5295158	0.54	0.18	1	-1	seq01	seq1	
1747939	1756157	304185	295904	8219	8282	95.16	1770296	5295158	0.46	0.16	1	-1	seq01	seq1	
1735708	1747935	316543	304305	12228	12239	92.56	1770296	5295158	0.69	0.23	1	-1	seq01	seq1	
1734355	1735708	318048	316695	1354	1354	94.61	1770296	5295158	0.08	0.03	1	-1	seq01	seq1	
1733583	1734333	320330	319580	751	751	95.48	1770296	5295158	0.04	0.01	1	-1	seq01	seq1	
1725242	1733450	328667	320457	8209	8211	91.18	1770296	5295158	0.46	0.16	1	-1	seq01	seq1	
1721292	1725240	333569	329619	3949	3951	92.74	1770296	5295158	0.22	0.07	1	-1	seq01	seq1	
1720039	1721259	336926	335706	1221	1221	91.81	1770296	5295158	0.07	0.02	1	-1	seq01	seq1	
1714120	1716964	340671	337809	2845	2863	93.44	1770296	5295158	0.16	0.05	1	-1	seq01	seq1	
1710016	1713877	344560	340739	3862	3822	92.35	1770296	5295158	0.22	0.07	1	-1	seq01	seq1	
1700812	1709749	353815	344848	8938	8968	93.98	1770296	5295158	0.50	0.17	1	-1	seq01	seq1	
1699729	1700845	355023	353905	1117	1119	95.89	1770296	5295158	0.06	0.02	1	-1	seq01	seq1	
1692612	1699673	362571	355518	7062	7054	95.77	1770296	5295158	0.40	0.13	1	-1	seq01	seq1	
1680909	1692448	377884	366331	11540	11554	95.22	1770296	5295158	0.65	0.22	1	-1	seq01	seq1	
1678146	1680823	380681	378004	2678	2678	94.92	1770296	5295158	0.15	0.05	1	-1	seq01	seq1	
1674665	1676778	390762	388731	2114	2032	91.12	1770296	5295158	0.12	0.04	1	-1	seq01	seq1	
1662168	1674670	403441	390912	12503	12530	95.83	1770296	5295158	0.71	0.24	1	-1	seq01	seq1	
1645976	1662112	420597	404688	16137	15910	92.75	1770296	5295158	0.91	0.30	1	-1	seq01	seq1	
1638114	1645629	428658	421187	7516	7472	92.05	1770296	5295158	0.42	0.14	1	-1	seq01	seq1	
1637451	1638112	429664	429003	662	662	94.11	1770296	5295158	0.04	0.01	1	-1	seq01	seq1	
1609235	1635425	459271	433155	26191	26117	95.35	1770296	5295158	1.48	0.49	1	-1	seq01	seq1	
1606445	1609064	462086	459470	2620	2617	97.29	1770296	5295158	0.15	0.05	1	-1	seq01	seq1	
1605822	1606374	462545	461993	553	553	93.49	1770296	5295158	0.03	0.01	1	-1	seq01	seq1	
1603865	1605830	465458	463484	1966	1975	92.46	1770296	5295158	0.11	0.04	1	-1	seq01	seq1	
1603362	1603875	465784	465286	514	499	86.85	1770296	5295158	0.03	0.01	1	-1	seq01	seq1	
1598753	1603225	470099	465627	4473	4473	97.65	1770296	5295158	0.25	0.08	1	-1	seq01	seq1	
1598057	1598654	473143	472546	598	598	95.66	1770296	5295158	0.03	0.01	1	-1	seq01	seq1	
1593562	1598029	478106	473638	4468	4469	95.39	1770296	5295158	0.25	0.08	1	-1	seq01	seq1	
1591345	1593457	480415	478308	2113	2108	95.08	1770296	5295158	0.12	0.04	1	-1	seq01	seq1	
1589124	1591011	482304	480421	1888	1884	93.07	1770296	5295158	0.11	0.04	1	-1	seq01	seq1	
1585662	1585988	493162	492833	327	330	86.67	1770296	5295158	0.02	0.01	1	-1	seq01	seq1	
1580956	1585575	498692	494074	4620	4619	95.08	1770296	5295158	0.26	0.09	1	-1	seq01	seq1	
1577265	1580958	502812	499116	3694	3697	96.75	1770296	5295158	0.21	0.07	1	-1	seq01	seq1	
1550592	1577299	530836	504172	26708	26665	96.28	1770296	5295158	1.51	0.50	1	-1	seq01	seq1	
1543495	1550070	537511	530934	6576	6578	95.48	1770296	5295158	0.37	0.12	1	-1	seq01	seq1	
1536482	1542796	545302	538981	6315	6322	95.81	1770296	5295158	0.36	0.12	1	-1	seq01	seq1	
1522607	1536476	560074	546283	13870	13792	96.78	1770296	5295158	0.78	0.26	1	-1	seq01	seq1	
1515042	1522445	567627	560225	7404	7403	97.57	1770296	5295158	0.42	0.14	1	-1	seq01	seq1	
1491566	1514908	591087	567747	23343	23341	97.34	1770296	5295158	1.32	0.44	1	-1	seq01	seq1	
1480660	1489237	600385	591863	8578	8523	96.20	1770296	5295158	0.48	0.16	1	-1	seq01	seq1	
1469303	1480632	618558	607140	11330	11419	96.24	1770296	5295158	0.64	0.22	1	-1	seq01	seq1	
1463645	1469304	624251	618512	5660	5740	93.73	1770296	5295158	0.32	0.11	1	-1	seq01	seq1	
1453346	1461654	632655	624346	8309	8310	95.61	1770296	5295158	0.47	0.16	1	-1	seq01	seq1	
1427441	1450184	655732	632873	22744	22860	95.72	1770296	5295158	1.28	0.43	1	-1	seq01	seq1	
1365990	1415070	706308	657154	49081	49155	96.77	1770296	5295158	2.77	0.93	1	-1	seq01	seq1	
1352155	1365990	720304	706463	13836	13842	94.90	1770296	5295158	0.78	0.26	1	-1	seq01	seq1	
1350853	1352007	721470	720304	1155	1167	93.06	1770296	5295158	0.07	0.02	1	-1	seq01	seq1	
1350480	1351159	721960	721281	680	680	90.59	1770296	5295158	0.04	0.01	1	-1	seq01	seq1	
1324271	1350817	748273	721731	26547	26543	96.50	1770296	5295158	1.50	0.50	1	-1	seq01	seq1	
1323310	1324266	749380	748426	957	955	95.82	1770296	5295158	0.05	0.02	1	-1	seq01	seq1	
1322401	1323188	750461	749676	788	786	90.86	1770296	5295158	0.04	0.01	1	-1	seq01	seq1	
1278694	1322384	795793	752070	43691	43724	95.98	1770296	5295158	2.47	0.83	1	-1	seq01	seq1	
1269381	1278691	807092	797768	9311	9325	94.83	1770296	5295158	0.53	0.18	1	-1	seq01	seq1	
1268591	1269050	807879	807423	460	457	84.02	1770296	5295158	0.03	0.01	1	-1	seq01	seq1	
1260004	1267535	816315	808767	7532	7549	96.87	1770296	5295158	0.43	0.14	1	-1	seq01	seq1	
1239899	1260007	836558	816463	20109	20096	96.39	1770296	5295158	1.14	0.38	1	-1	seq01	seq1	
1182177	1239900	894408	836706	57724	57703	96.37	1770296	5295158	3.26	1.09	1	-1	seq01	seq1	
1178410	1181727	897720	894404	3318	3317	97.14	1770296	5295158	0.19	0.06	1	-1	seq01	seq1	
1171751	1178425	914635	907945	6675	6691	95.41	1770296	5295158	0.38	0.13	1	-1	seq01	seq1	
1156940	1171728	930995	916201	14789	14795	96.10	1770296	5295158	0.84	0.28	1	-1	seq01	seq1	
1154423	1156941	934144	931636	2519	2509	97.90	1770296	5295158	0.14	0.05	1	-1	seq01	seq1	
1124068	1154421	965590	935226	30354	30365	96.76	1770296	5295158	1.71	0.57	1	-1	seq01	seq1	
1110685	1123909	982343	969120	13225	13224	97.62	1770296	5295158	0.75	0.25	1	-1	seq01	seq1	
1100815	1110688	992939	983055	9874	9885	96.55	1770296	5295158	0.56	0.19	1	-1	seq01	seq1	
1046869	1100682	1050896	997059	53814	53838	95.82	1770296	5295158	3.04	1.02	1	-1	seq01	seq1	
1015286	1045734	1083411	1053011	30449	30401	96.50	1770296	5295158	1.72	0.57	1	-1	seq01	seq1	
1002242	1014946	1097263	1084557	12705	12707	94.48	1770296	5295158	0.72	0.24	1	-1	seq01	seq1	
976026	1001313	1122956	1097610	25288	25347	95.95	1770296	5295158	1.43	0.48	1	-1	seq01	seq1	
975265	975957	1124360	1123669	693	692	91.05	1770296	5295158	0.04	0.01	1	-1	seq01	seq1	
944238	975255	1157112	1126057	31018	31056	97.14	1770296	5295158	1.75	0.59	1	-1	seq01	seq1	
930719	944238	1170751	1157232	13520	13520	97.39	1770296	5295158	0.76	0.26	1	-1	seq01	seq1	
918460	930366	1183012	1171101	11907	11912	95.99	1770296	5295158	0.67	0.22	1	-1	seq01	seq1	
912355	917204	1187886	1183031	4850	4856	96.44	1770296	5295158	0.27	0.09	1	-1	seq01	seq1	
906604	912365	1193712	1187949	5762	5764	96.74	1770296	5295158	0.33	0.11	1	-1	seq01	seq1	
816486	862508	1239729	1193700	46023	46030	97.16	1770296	5295158	2.60	0.87	1	-1	seq01	seq1	
811855	815871	1243733	1239720	4017	4014	92.32	1770296	5295158	0.23	0.08	1	-1	seq01	seq1	
732197	811629	1324550	1245147	79433	79404	97.64	1770296	5295158	4.49	1.50	1	-1	seq01	seq1	
708105	732205	1354687	1330548	24101	24140	93.96	1770296	5295158	1.36	0.46	1	-1	seq01	seq1	
692250	707776	1370272	1354689	15527	15584	97.45	1770296	5295158	0.88	0.29	1	-1	seq01	seq1	
686540	692148	1377573	1372047	5609	5527	95.99	1770296	5295158	0.32	0.10	1	-1	seq01	seq1	
674693	686439	1389604	1377703	11747	11902	93.05	1770296	5295158	0.66	0.22	1	-1	seq01	seq1	
669621	674700	1396883	1391791	5080	5093	92.23	1770296	5295158	0.29	0.10	1	-1	seq01	seq1	
668245	669639	1399288	1397894	1395	1395	84.64	1770296	5295158	0.08	0.03	1	-1	seq01	seq1	
664936	667879	1406204	1403260	2944	2945	94.13	1770296	5295158	0.17	0.06	1	-1	seq01	seq1	
650826	664204	1419726	1406355	13379	13372	93.16	1770296	5295158	0.76	0.25	1	-1	seq01	seq1	
647940	650815	1422778	1419904	2876	2875	96.77	1770296	5295158	0.16	0.05	1	-1	seq01	seq1	
644010	647953	1427182	1423325	3944	3858	93.46	1770296	5295158	0.22	0.07	1	-1	seq01	seq1	
632521	643907	1438573	1427182	11387	11392	95.51	1770296	5295158	0.64	0.22	1	-1	seq01	seq1	
624027	632268	1447989	1439762	8242	8228	95.43	1770296	5295158	0.47	0.16	1	-1	seq01	seq1	
564371	573432	1460523	1451463	9062	9061	95.34	1770296	5295158	0.51	0.17	1	-1	seq01	seq1	
547420	563065	1476161	1460524	15646	15638	96.33	1770296	5295158	0.88	0.30	1	-1	seq01	seq1	
541729	547374	1486503	1480870	5646	5634	93.61	1770296	5295158	0.32	0.11	1	-1	seq01	seq1	
538064	540408	1490159	1487824	2345	2336	81.77	1770296	5295158	0.13	0.04	1	-1	seq01	seq1	
523533	537026	1504754	1491181	13494	13574	93.47	1770296	5295158	0.76	0.26	1	-1	seq01	seq1	
515060	523464	1513724	1505322	8405	8403	93.37	1770296	5295158	0.47	0.16	1	-1	seq01	seq1	
512175	514455	1516042	1513829	2281	2214	90.03	1770296	5295158	0.13	0.04	1	-1	seq01	seq1	
510703	512170	1517658	1516191	1468	1468	92.18	1770296	5295158	0.08	0.03	1	-1	seq01	seq1	
502495	510709	1528196	1519982	8215	8215	92.79	1770296	5295158	0.46	0.16	1	-1	seq01	seq1	
478425	502496	1553243	1529168	24072	24076	96.24	1770296	5295158	1.36	0.45	1	-1	seq01	seq1	
472807	478426	1560459	1554837	5620	5623	94.22	1770296	5295158	0.32	0.11	1	-1	seq01	seq1	
469262	471350	1562538	1560454	2089	2085	92.49	1770296	5295158	0.12	0.04	1	-1	seq01	seq1	
467312	469144	1564479	1562646	1833	1834	87.04	1770296	5295158	0.10	0.03	1	-1	seq01	seq1	
463574	465234	1569548	1567888	1661	1661	92.66	1770296	5295158	0.09	0.03	1	-1	seq01	seq1	
457655	463592	1575883	1569946	5938	5938	96.20	1770296	5295158	0.34	0.11	1	-1	seq01	seq1	
453716	457571	1581704	1577850	3856	3855	92.46	1770296	5295158	0.22	0.07	1	-1	seq01	seq1	
437731	453716	1597859	1581857	15986	16003	94.17	1770296	5295158	0.90	0.30	1	-1	seq01	seq1	
422955	437738	1612790	1598004	14784	14787	93.12	1770296	5295158	0.84	0.28	1	-1	seq01	seq1	
420605	422979	1615536	1613162	2375	2375	92.21	1770296	5295158	0.13	0.04	1	-1	seq01	seq1	
415349	420563	1622222	1617009	5215	5214	94.90	1770296	5295158	0.29	0.10	1	-1	seq01	seq1	
411647	415237	1626191	1622598	3591	3594	94.99	1770296	5295158	0.20	0.07	1	-1	seq01	seq1	
410597	411496	1629796	1628897	900	900	92.78	1770296	5295158	0.05	0.02	1	-1	seq01	seq1	
410490	411082	1633303	1632711	593	593	87.73	1770296	5295158	0.03	0.01	1	-1	seq01	seq1	
405638	410498	1638767	1633914	4861	4854	93.48	1770296	5295158	0.27	0.09	1	-1	seq01	seq1	
396524	397100	1649079	1648503	577	577	97.23	1770296	5295158	0.03	0.01	1	-1	seq01	seq1	
392357	396501	1655808	1651662	4145	4147	92.77	1770296	5295158	0.23	0.08	1	-1	seq01	seq1	
387579	390740	1660721	1657561	3162	3161	93.96	1770296	5295158	0.18	0.06	1	-1	seq01	seq1	
385614	387452	1662717	1660879	1839	1839	92.45	1770296	5295158	0.10	0.03	1	-1	seq01	seq1	
376906	383422	1669322	1662725	6517	6598	92.84	1770296	5295158	0.37	0.12	1	-1	seq01	seq1	
372225	376863	1679471	1674847	4639	4625	94.07	1770296	5295158	0.26	0.09	1	-1	seq01	seq1	
364348	371517	1687588	1680430	7170	7159	92.38	1770296	5295158	0.41	0.14	1	-1	seq01	seq1	
363160	364284	1689920	1688786	1125	1135	89.16	1770296	5295158	0.06	0.02	1	-1	seq01	seq1	
361808	362958	1691284	1690143	1151	1142	91.07	1770296	5295158	0.07	0.02	1	-1	seq01	seq1	
355775	360552	1696081	1691290	4778	4792	93.16	1770296	5295158	0.27	0.09	1	-1	seq01	seq1	
350902	353940	1699168	1696141	3039	3028	94.80	1770296	5295158	0.17	0.06	1	-1	seq01	seq1	
346527	348691	1702040	1699881	2165	2160	92.34	1770296	5295158	0.12	0.04	1	-1	seq01	seq1	
343444	346302	1705073	1702216	2859	2858	96.08	1770296	5295158	0.16	0.05	1	-1	seq01	seq1	
339802	343381	1710905	1707328	3580	3578	95.56	1770296	5295158	0.20	0.07	1	-1	seq01	seq1	
335580	339805	1715860	1711636	4226	4225	93.02	1770296	5295158	0.24	0.08	1	-1	seq01	seq1	
333532	334809	1717175	1715866	1278	1310	88.43	1770296	5295158	0.07	0.02	1	-1	seq01	seq1	
325308	333531	1725637	1717321	8224	8317	90.35	1770296	5295158	0.46	0.16	1	-1	seq01	seq1	
319897	322907	1729489	1726439	3011	3051	91.27	1770296	5295158	0.17	0.06	1	-1	seq01	seq1	
310078	319960	1739520	1729612	9883	9909	95.76	1770296	5295158	0.56	0.19	1	-1	seq01	seq1	
304251	310079	1746010	1740272	5829	5739	90.68	1770296	5295158	0.33	0.11	1	-1	seq01	seq1	
303594	304051	1747070	1746613	458	458	92.36	1770296	5295158	0.03	0.01	1	-1	seq01	seq1	
297640	299614	1749068	1747093	1975	1976	93.62	1770296	5295158	0.11	0.04	1	-1	seq01	seq1	
296117	296988	1749943	1749066	872	878	90.91	1770296	5295158	0.05	0.02	1	-1	seq01	seq1	
292062	296025	1753755	1749791	3964	3965	93.79	1770296	5295158	0.22	0.07	1	-1	seq01	seq1	
290676	291482	1755626	1754862	807	765	89.22	1770296	5295158	0.05	0.01	1	-1	seq01	seq1	
285042	285905	1756712	1755851	864	862	93.76	1770296	5295158	0.05	0.02	1	-1	seq01	seq1	
277770	278994	1758130	1756913	1225	1218	92.44	1770296	5295158	0.07	0.02	1	-1	seq01	seq1	
264885	275518	1768944	1758251	10634	10694	92.64	1770296	5295158	0.60	0.20	1	-1	seq01	seq1	
262380	264744	1771313	1768949	2365	2365	92.44	1770296	5295158	0.13	0.04	1	-1	seq01	seq1	
257738	262227	1781766	1777234	4490	4533	94.87	1770296	5295158	0.25	0.09	1	-1	seq01	seq1	
254401	257229	1784581	1781756	2829	2826	92.76	1770296	5295158	0.16	0.05	1	-1	seq01	seq1	
251848	254341	1792342	1789850	2494	2493	94.03	1770296	5295158	0.14	0.05	1	-1	seq01	seq1	
244987	250589	1798408	1792809	5603	5600	95.22	1770296	5295158	0.32	0.11	1	-1	seq01	seq1	
242125	243710	1800320	1798735	1586	1586	95.34	1770296	5295158	0.09	0.03	1	-1	seq01	seq1	
236781	241763	1805294	1800317	4983	4978	93.39	1770296	5295158	0.28	0.09	1	-1	seq01	seq1	
235547	236613	1806416	1805350	1067	1067	91.01	1770296	5295158	0.06	0.02	1	-1	seq01	seq1	
230265	235551	1811851	1806562	5287	5290	94.75	1770296	5295158	0.30	0.10	1	-1	seq01	seq1	
223881	230241	1819951	1813611	6361	6341	92.53	1770296	5295158	0.36	0.12	1	-1	seq01	seq1	
220356	222701	1823284	1820938	2346	2347	93.57	1770296	5295158	0.13	0.04	1	-1	seq01	seq1	
194398	220161	1854454	1828649	25764	25806	94.09	1770296	5295158	1.46	0.49	1	-1	seq01	seq1	
192867	194252	1856252	1854867	1386	1386	95.53	1770296	5295158	0.08	0.03	1	-1	seq01	seq1	
190438	191602	1860460	1859298	1165	1163	94.94	1770296	5295158	0.07	0.02	1	-1	seq01	seq1	
188827	190161	1862055	1860697	1335	1359	91.03	1770296	5295158	0.08	0.03	1	-1	seq01	seq1	
183191	188674	1868632	1863094	5484	5539	91.02	1770296	5295158	0.31	0.10	1	-1	seq01	seq1	
179681	181200	1875893	1874375	1520	1519	95.66	1770296	5295158	0.09	0.03	1	-1	seq01	seq1	
173764	177511	1879625	1875875	3748	3751	93.82	1770296	5295158	0.21	0.07	1	-1	seq01	seq1	
128275	130286	1882712	1880704	2012	2009	92.66	1770296	5295158	0.11	0.04	1	-1	seq01	seq1	
121464	122581	1884382	1883266	1118	1117	93.11	1770296	5295158	0.06	0.02	1	-1	seq01	seq1	
109630	118921	1893624	1884379	9292	9246	93.16	1770296	5295158	0.52	0.17	1	-1	seq01	seq1	
102647	102739	1896338	1896246	93	93	98.92	1770296	5295158	0.01	0.00	1	-1	seq01	seq1	
96175	102651	1902958	1896486	6477	6473	93.34	1770296	5295158	0.37	0.12	1	-1	seq01	seq1	
89730	96055	1909391	1903056	6326	6336	91.48	1770296	5295158	0.36	0.12	1	-1	seq01	seq1	
82534	88878	1916944	1910587	6345	6358	93.20	1770296	5295158	0.36	0.12	1	-1	seq01	seq1	
80687	81018	1919473	1919142	332	332	93.37	1770296	5295158	0.02	0.01	1	-1	seq01	seq1	
80054	80240	1919793	1919607	187	187	96.79	1770296	5295158	0.01	0.00	1	-1	seq01	seq1	
68836	73162	1925043	1920715	4327	4329	93.53	1770296	5295158	0.24	0.08	1	-1	seq01	seq1	
67438	68816	1927533	1926153	1379	1381	93.78	1770296	5295158	0.08	0.03	1	-1	seq01	seq1	
36555	37856	1933900	1932565	1302	1336	89.98	94850	5295158	1.37	0.03	1	-1	seq09	seq1	
58965	62327	1940620	1937270	3363	3351	89.37	1770296	5295158	0.19	0.06	1	-1	seq01	seq1	
56504	58255	1942408	1940665	1752	1744	84.66	1770296	5295158	0.10	0.03	1	-1	seq01	seq1	
52087	53124	1949845	1948808	1038	1038	91.04	1770296	5295158	0.06	0.02	1	-1	seq01	seq1	
50280	52053	1959268	1957504	1774	1765	92.48	1770296	5295158	0.10	0.03	1	-1	seq01	seq1	
44087	49896	1969760	1963987	5810	5774	91.07	1770296	5295158	0.33	0.11	1	-1	seq01	seq1	
40601	43935	1978299	1974947	3335	3353	91.16	1770296	5295158	0.19	0.06	1	-1	seq01	seq1	
36941	40528	1984305	1980782	3588	3524	93.75	1770296	5295158	0.20	0.07	1	-1	seq01	seq1	
29537	36945	1991864	1984404	7409	7461	93.76	1770296	5295158	0.42	0.14	1	-1	seq01	seq1	
21248	27273	1998095	1992075	6026	6021	96.96	1770296	5295158	0.34	0.11	1	-1	seq01	seq1	
12273	21049	2006893	1998112	8777	8782	96.36	1770296	5295158	0.50	0.17	1	-1	seq01	seq1	
10604	12273	2008735	2007064	1670	1672	97.19	1770296	5295158	0.09	0.03	1	-1	seq01	seq1	
6493	7446	2009894	2008953	954	942	94.13	1770296	5295158	0.05	0.02	1	-1	seq01	seq1	
2425	4795	2012272	2009902	2371	2371	96.67	1770296	5295158	0.13	0.04	1	-1	seq01	seq1	
2081	2580	2029625	2029126	500	500	94.41	1770296	5295158	0.03	0.01	1	-1	seq01	seq1	
1	1982	2031750	2029768	1982	1983	97.18	1770296	5295158	0.11	0.04	1	-1	seq01	seq1	
1167035	1167940	2034053	2033150	906	904	95.70	1168088	5295158	0.08	0.02	1	-1	seq02	seq1	
1162643	1165644	2037237	2034217	3002	3021	93.39	1168088	5295158	0.26	0.06	1	-1	seq02	seq1	
1154879	1155955	2038508	2037429	1077	1080	90.76	1168088	5295158	0.09	0.02	1	-1	seq02	seq1	
1147798	1154711	2046403	2039491	6914	6913	93.57	1168088	5295158	0.59	0.13	1	-1	seq02	seq1	
1146372	1147765	2049825	2048432	1394	1394	91.19	1168088	5295158	0.12	0.03	1	-1	seq02	seq1	
1142734	1146369	2053560	2049949	3636	3612	93.11	1168088	5295158	0.31	0.07	1	-1	seq02	seq1	
1141413	1142676	2055637	2054374	1264	1264	95.33	1168088	5295158	0.11	0.02	1	-1	seq02	seq1	
1139078	1141274	2057859	2055743	2197	2117	90.72	1168088	5295158	0.19	0.04	1	-1	seq02	seq1	
1133308	1139066	2063779	2058021	5759	5759	94.24	1168088	5295158	0.49	0.11	1	-1	seq02	seq1	
1130750	1131411	2064438	2063777	662	662	93.05	1168088	5295158	0.06	0.01	1	-1	seq02	seq1	
1124892	1130738	2070632	2064827	5847	5806	94.39	1168088	5295158	0.50	0.11	1	-1	seq02	seq1	
1123484	1124642	2072863	2071705	1159	1159	91.39	1168088	5295158	0.10	0.02	1	-1	seq02	seq1	
1110882	1122947	2085932	2073920	12066	12013	94.01	1168088	5295158	1.03	0.23	1	-1	seq02	seq1	
1102715	1109512	2092755	2085950	6798	6806	93.10	1168088	5295158	0.58	0.13	1	-1	seq02	seq1	
1097827	1098900	2094990	2093918	1074	1073	89.02	1168088	5295158	0.09	0.02	1	-1	seq02	seq1	
1090000	1094781	2100922	2096076	4782	4847	90.44	1168088	5295158	0.41	0.09	1	-1	seq02	seq1	
1086389	1089878	2108757	2105269	3490	3489	93.21	1168088	5295158	0.30	0.07	1	-1	seq02	seq1	
1079294	1086312	2115896	2108904	7019	6993	92.70	1168088	5295158	0.60	0.13	1	-1	seq02	seq1	
1062326	1070681	2124380	2116045	8356	8336	94.36	1168088	5295158	0.72	0.16	1	-1	seq02	seq1	
1057690	1062249	2129643	2125075	4560	4569	91.93	1168088	5295158	0.39	0.09	1	-1	seq02	seq1	
1055823	1057543	2131512	2129805	1721	1708	87.92	1168088	5295158	0.15	0.03	1	-1	seq02	seq1	
1039919	1055773	2150187	2134297	15855	15891	94.29	1168088	5295158	1.36	0.30	1	-1	seq02	seq1	
1038533	1039077	2150882	2150338	545	545	91.93	1168088	5295158	0.05	0.01	1	-1	seq02	seq1	
1026219	1038306	2164489	2152405	12088	12085	94.47	1168088	5295158	1.03	0.23	1	-1	seq02	seq1	
1020245	1023279	2168016	2164870	3035	3147	85.08	1168088	5295158	0.26	0.06	1	-1	seq02	seq1	
1008541	1020242	2180307	2168568	11702	11740	94.95	1168088	5295158	1.00	0.22	1	-1	seq02	seq1	
1002912	1008538	2185932	2180413	5627	5520	91.46	1168088	5295158	0.48	0.10	1	-1	seq02	seq1	
1001453	1002839	2187575	2186191	1387	1385	95.29	1168088	5295158	0.12	0.03	1	-1	seq02	seq1	
996627	1001526	2196558	2191652	4900	4907	96.54	1168088	5295158	0.42	0.09	1	-1	seq02	seq1	
994783	995782	2202077	2201081	1000	997	95.10	1168088	5295158	0.09	0.02	1	-1	seq02	seq1	
987480	994166	2210351	2203662	6687	6690	92.70	1168088	5295158	0.57	0.13	1	-1	seq02	seq1	
983317	987005	2214069	2210367	3689	3703	92.47	1168088	5295158	0.32	0.07	1	-1	seq02	seq1	
972731	981062	2223126	2214799	8332	8328	93.91	1168088	5295158	0.71	0.16	1	-1	seq02	seq1	
971250	972730	2225520	2224038	1481	1483	91.11	1168088	5295158	0.13	0.03	1	-1	seq02	seq1	
970169	970708	2226605	2226062	540	544	88.28	1168088	5295158	0.05	0.01	1	-1	seq02	seq1	
966427	969141	2229949	2227235	2715	2715	94.26	1168088	5295158	0.23	0.05	1	-1	seq02	seq1	
964032	966416	2232683	2230300	2385	2384	94.56	1168088	5295158	0.20	0.05	1	-1	seq02	seq1	
959096	963368	2237663	2233389	4273	4275	94.19	1168088	5295158	0.37	0.08	1	-1	seq02	seq1	
957376	959101	2239913	2238168	1726	1746	87.61	1168088	5295158	0.15	0.03	1	-1	seq02	seq1	
949955	957264	2247319	2240013	7310	7307	91.51	1168088	5295158	0.63	0.14	1	-1	seq02	seq1	
948493	948922	2252356	2251927	430	430	90.93	1168088	5295158	0.04	0.01	1	-1	seq02	seq1	
947379	948413	2256243	2255210	1035	1034	95.75	1168088	5295158	0.09	0.02	1	-1	seq02	seq1	
942320	947148	2262942	2258107	4829	4836	93.28	1168088	5295158	0.41	0.09	1	-1	seq02	seq1	
934328	941376	2269990	2262954	7049	7037	91.73	1168088	5295158	0.60	0.13	1	-1	seq02	seq1	
933582	934242	2270909	2270243	661	667	88.66	1168088	5295158	0.06	0.01	1	-1	seq02	seq1	
927590	933013	2277403	2271991	5424	5413	94.23	1168088	5295158	0.46	0.10	1	-1	seq02	seq1	
910527	927071	2295525	2278974	16545	16552	93.69	1168088	5295158	1.42	0.31	1	-1	seq02	seq1	
904079	910435	2302281	2295941	6357	6341	92.83	1168088	5295158	0.54	0.12	1	-1	seq02	seq1	
887080	903903	2320213	2303310	16824	16904	93.52	1168088	5295158	1.44	0.32	1	-1	seq02	seq1	
886281	886959	2321196	2320516	679	681	89.90	1168088	5295158	0.06	0.01	1	-1	seq02	seq1	
884962	885184	2321411	2321189	223	223	94.62	1168088	5295158	0.02	0.00	1	-1	seq02	seq1	
884422	884964	2322530	2321988	543	543	90.44	1168088	5295158	0.05	0.01	1	-1	seq02	seq1	
883076	883494	2322947	2322529	419	419	92.84	1168088	5295158	0.04	0.01	1	-1	seq02	seq1	
874905	882954	2333148	2325049	8050	8100	93.23	1168088	5295158	0.69	0.15	1	-1	seq02	seq1	
873445	874276	2334893	2334062	832	832	89.56	1168088	5295158	0.07	0.02	1	-1	seq02	seq1	
872496	873005	2335875	2335366	510	510	91.98	1168088	5295158	0.04	0.01	1	-1	seq02	seq1	
863948	872162	2344835	2336619	8215	8217	93.88	1168088	5295158	0.70	0.16	1	-1	seq02	seq1	
861585	861744	2345338	2345179	160	160	87.50	1168088	5295158	0.01	0.00	1	-1	seq02	seq1	
855667	861236	2351021	2345445	5570	5577	93.19	1168088	5295158	0.48	0.11	1	-1	seq02	seq1	
849800	854417	2355634	2351019	4618	4616	94.50	1168088	5295158	0.40	0.09	1	-1	seq02	seq1	
845467	849684	2360551	2356317	4218	4235	94.71	1168088	5295158	0.36	0.08	1	-1	seq02	seq1	
841561	843585	2364756	2362729	2025	2028	94.34	1168088	5295158	0.17	0.04	1	-1	seq02	seq1	
840456	841518	2365813	2364752	1063	1062	95.01	1168088	5295158	0.09	0.02	1	-1	seq02	seq1	
835041	840290	2372089	2366828	5250	5262	93.86	1168088	5295158	0.45	0.10	1	-1	seq02	seq1	
834377	834863	2373451	2372964	487	488	89.55	1168088	5295158	0.04	0.01	1	-1	seq02	seq1	
829076	832543	2376940	2373473	3468	3468	93.58	1168088	5295158	0.30	0.07	1	-1	seq02	seq1	
827559	829073	2378604	2377090	1515	1515	93.33	1168088	5295158	0.13	0.03	1	-1	seq02	seq1	
808530	815164	2386333	2379755	6635	6579	92.74	1168088	5295158	0.57	0.12	1	-1	seq02	seq1	
796619	808451	2398389	2386593	11833	11797	93.21	1168088	5295158	1.01	0.22	1	-1	seq02	seq1	
793692	796369	2401078	2398397	2678	2682	93.19	1168088	5295158	0.23	0.05	1	-1	seq02	seq1	
789522	791407	2403434	2401546	1886	1889	92.01	1168088	5295158	0.16	0.04	1	-1	seq02	seq1	
784983	788589	2407070	2403464	3607	3607	95.90	1168088	5295158	0.31	0.07	1	-1	seq02	seq1	
784136	784982	2408110	2407264	847	847	94.46	1168088	5295158	0.07	0.02	1	-1	seq02	seq1	
780154	783909	2412061	2408330	3756	3732	91.89	1168088	5295158	0.32	0.07	1	-1	seq02	seq1	
779393	780152	2413197	2412435	760	763	93.05	1168088	5295158	0.07	0.01	1	-1	seq02	seq1	
771073	779393	2422490	2414001	8321	8490	92.64	1168088	5295158	0.71	0.16	1	-1	seq02	seq1	
769692	770983	2424196	2422906	1292	1291	84.52	1168088	5295158	0.11	0.02	1	-1	seq02	seq1	
768226	769651	2428557	2427158	1426	1400	92.64	1168088	5295158	0.12	0.03	1	-1	seq02	seq1	
762103	764245	2430814	2428657	2143	2158	94.72	1168088	5295158	0.18	0.04	1	-1	seq02	seq1	
759100	762092	2433943	2430962	2993	2982	90.53	1168088	5295158	0.26	0.06	1	-1	seq02	seq1	
753183	757282	2438881	2434822	4100	4060	92.08	1168088	5295158	0.35	0.08	1	-1	seq02	seq1	
751986	753045	2440954	2439897	1060	1058	89.08	1168088	5295158	0.09	0.02	1	-1	seq02	seq1	
742931	751844	2452682	2443766	8914	8917	93.35	1168088	5295158	0.76	0.17	1	-1	seq02	seq1	
730379	740617	2463062	2452839	10239	10224	94.40	1168088	5295158	0.88	0.19	1	-1	seq02	seq1	
729225	730313	2464676	2463587	1089	1090	86.54	1168088	5295158	0.09	0.02	1	-1	seq02	seq1	
723975	729095	2469873	2464700	5121	5174	93.59	1168088	5295158	0.44	0.10	1	-1	seq02	seq1	
702254	720540	2496434	2478088	18287	18347	93.83	1168088	5295158	1.57	0.35	1	-1	seq02	seq1	
702049	702238	2498544	2498355	190	190	96.84	1168088	5295158	0.02	0.00	1	-1	seq02	seq1	
698609	701894	2502839	2499544	3286	3296	94.94	1168088	5295158	0.28	0.06	1	-1	seq02	seq1	
697961	698303	2504022	2503681	343	342	90.72	1168088	5295158	0.03	0.01	1	-1	seq02	seq1	
689961	696225	2513269	2507013	6265	6257	93.73	1168088	5295158	0.54	0.12	1	-1	seq02	seq1	
688753	689709	2517927	2516971	957	957	88.31	1168088	5295158	0.08	0.02	1	-1	seq02	seq1	
688034	688687	2519733	2519080	654	654	86.28	1168088	5295158	0.06	0.01	1	-1	seq02	seq1	
686630	688032	2521258	2519856	1403	1403	91.30	1168088	5295158	0.12	0.03	1	-1	seq02	seq1	
679274	679804	2522058	2521527	531	532	85.34	1168088	5295158	0.05	0.01	1	-1	seq02	seq1	
677607	678287	2522946	2522268	681	679	92.36	1168088	5295158	0.06	0.01	1	-1	seq02	seq1	
671299	677439	2529220	2523037	6141	6184	90.58	1168088	5295158	0.53	0.12	1	-1	seq02	seq1	
664891	671299	2535740	2529330	6409	6411	93.05	1168088	5295158	0.55	0.12	1	-1	seq02	seq1	
651232	664376	2550560	2537428	13145	13133	95.72	1168088	5295158	1.13	0.25	1	-1	seq02	seq1	
608518	615485	2558300	2551325	6968	6976	93.44	1168088	5295158	0.60	0.13	1	-1	seq02	seq1	
607716	608377	2576589	2575928	662	662	91.69	1168088	5295158	0.06	0.01	1	-1	seq02	seq1	
604614	607719	2580977	2577856	3106	3122	95.01	1168088	5295158	0.27	0.06	1	-1	seq02	seq1	
591165	603515	2593075	2580731	12351	12345	91.61	1168088	5295158	1.06	0.23	1	-1	seq02	seq1	
589130	590933	2595625	2593808	1804	1818	93.44	1168088	5295158	0.15	0.03	1	-1	seq02	seq1	
586268	589129	2598712	2595840	2862	2873	93.25	1168088	5295158	0.25	0.05	1	-1	seq02	seq1	
585512	586265	2600976	2600222	754	755	89.93	1168088	5295158	0.06	0.01	1	-1	seq02	seq1	
584255	584725	2603724	2603252	471	473	90.91	1168088	5295158	0.04	0.01	1	-1	seq02	seq1	
568823	584195	2621441	2606093	15373	15349	93.49	1168088	5295158	1.32	0.29	1	-1	seq02	seq1	
567761	568831	2624042	2622975	1071	1068	88.07	1168088	5295158	0.09	0.02	1	-1	seq02	seq1	
566855	567648	2625006	2624215	794	792	81.10	1168088	5295158	0.07	0.01	1	-1	seq02	seq1	
563808	565978	2629880	2627710	2171	2171	92.96	1168088	5295158	0.19	0.04	1	-1	seq02	seq1	
560005	563797	2633805	2629998	3793	3808	94.25	1168088	5295158	0.32	0.07	1	-1	seq02	seq1	
558493	560005	2645754	2644241	1513	1514	94.52	1168088	5295158	0.13	0.03	1	-1	seq02	seq1	
548355	558500	2716633	2706464	10146	10170	93.07	1168088	5295158	0.87	0.19	1	-1	seq02	seq1	
543480	547765	2720933	2716658	4286	4276	93.33	1168088	5295158	0.37	0.08	1	-1	seq02	seq1	
542306	542766	2721389	2720935	461	455	86.33	1168088	5295158	0.04	0.01	1	-1	seq02	seq1	
537783	541188	2727620	2724222	3406	3399	86.51	1168088	5295158	0.29	0.06	1	-1	seq02	seq1	
534879	537243	2730034	2727669	2365	2366	93.79	1168088	5295158	0.20	0.04	1	-1	seq02	seq1	
531491	534878	2735250	2731867	3388	3384	89.28	1168088	5295158	0.29	0.06	1	-1	seq02	seq1	
498290	530155	2767138	2735216	31866	31923	92.68	1168088	5295158	2.73	0.60	1	-1	seq02	seq1	
491089	497422	2773489	2767155	6334	6335	95.91	1168088	5295158	0.54	0.12	1	-1	seq02	seq1	
476114	491070	2788555	2773626	14957	14930	94.39	1168088	5295158	1.28	0.28	1	-1	seq02	seq1	
472099	476116	2794443	2790404	4018	4040	91.90	1168088	5295158	0.34	0.08	1	-1	seq02	seq1	
470952	471858	2796484	2795572	907	913	92.00	1168088	5295158	0.08	0.02	1	-1	seq02	seq1	
470099	470678	2798073	2797494	580	580	92.41	1168088	5295158	0.05	0.01	1	-1	seq02	seq1	
469094	470023	2801680	2800696	930	985	87.11	1168088	5295158	0.08	0.02	1	-1	seq02	seq1	
468248	468896	2802329	2801681	649	649	92.62	1168088	5295158	0.06	0.01	1	-1	seq02	seq1	
466017	467105	2805701	2804630	1089	1072	87.02	1168088	5295158	0.09	0.02	1	-1	seq02	seq1	
464138	465031	2807000	2806110	894	891	92.30	1168088	5295158	0.08	0.02	1	-1	seq02	seq1	
463346	463837	2807727	2807257	492	471	88.28	1168088	5295158	0.04	0.01	1	-1	seq02	seq1	
440578	454954	2821996	2807624	14377	14373	96.66	1168088	5295158	1.23	0.27	1	-1	seq02	seq1	
423973	440372	2838780	2822376	16400	16405	96.56	1168088	5295158	1.40	0.31	1	-1	seq02	seq1	
419459	423971	2845210	2840697	4513	4514	93.27	1168088	5295158	0.39	0.09	1	-1	seq02	seq1	
419357	419460	2847471	2847368	104	104	97.12	1168088	5295158	0.01	0.00	1	-1	seq02	seq1	
418985	419365	2848740	2848359	381	382	89.53	1168088	5295158	0.03	0.01	1	-1	seq02	seq1	
411297	418989	2856964	2849248	7693	7717	93.19	1168088	5295158	0.66	0.15	1	-1	seq02	seq1	
402230	411300	2866573	2857488	9071	9086	94.46	1168088	5295158	0.78	0.17	1	-1	seq02	seq1	
383742	402230	2885982	2867513	18489	18470	95.32	1168088	5295158	1.58	0.35	1	-1	seq02	seq1	
376792	383382	2892587	2885996	6591	6592	94.02	1168088	5295158	0.56	0.12	1	-1	seq02	seq1	
354394	356062	2903859	2902191	1669	1669	92.69	1168088	5295158	0.14	0.03	1	-1	seq02	seq1	
342359	353779	2915348	2903976	11421	11373	92.96	1168088	5295158	0.98	0.21	1	-1	seq02	seq1	
336623	341547	2920432	2915508	4925	4925	95.70	1168088	5295158	0.42	0.09	1	-1	seq02	seq1	
329447	334596	2925674	2920515	5150	5160	95.72	1168088	5295158	0.44	0.10	1	-1	seq02	seq1	
326876	327336	2926174	2925715	461	460	93.28	1168088	5295158	0.04	0.01	1	-1	seq02	seq1	
322853	326723	2930867	2926998	3871	3870	95.43	1168088	5295158	0.33	0.07	1	-1	seq02	seq1	
312634	320940	2939180	2930864	8307	8317	94.30	1168088	5295158	0.71	0.16	1	-1	seq02	seq1	
296854	312380	2955649	2940154	15527	15496	94.46	1168088	5295158	1.33	0.29	1	-1	seq02	seq1	
288238	295348	2963007	2955825	7111	7183	93.54	1168088	5295158	0.61	0.14	1	-1	seq02	seq1	
284590	288224	2969096	2965460	3635	3637	93.16	1168088	5295158	0.31	0.07	1	-1	seq02	seq1	
278201	284041	2974966	2969124	5841	5843	97.02	1168088	5295158	0.50	0.11	1	-1	seq02	seq1	
277029	278208	2976624	2975448	1180	1177	91.70	1168088	5295158	0.10	0.02	1	-1	seq02	seq1	
273411	274335	2979895	2978971	925	925	95.14	1168088	5295158	0.08	0.02	1	-1	seq02	seq1	
260439	273410	2993328	2980380	12972	12949	92.89	1168088	5295158	1.11	0.24	1	-1	seq02	seq1	
225666	260441	3032472	2997590	34776	34883	94.86	1168088	5295158	2.98	0.66	1	-1	seq02	seq1	
200915	218069	3049677	3032497	17155	17181	94.96	1168088	5295158	1.47	0.32	1	-1	seq02	seq1	
199331	200759	3051108	3049680	1429	1429	94.76	1168088	5295158	0.12	0.03	1	-1	seq02	seq1	
190081	199407	3062131	3052791	9327	9341	94.58	1168088	5295158	0.80	0.18	1	-1	seq02	seq1	
180423	190087	3073235	3063549	9665	9687	94.90	1168088	5295158	0.83	0.18	1	-1	seq02	seq1	
165633	180223	3088094	3073519	14591	14576	94.97	1168088	5295158	1.25	0.28	1	-1	seq02	seq1	
161729	165486	3091998	3088246	3758	3753	92.24	1168088	5295158	0.32	0.07	1	-1	seq02	seq1	
160671	161727	3093637	3092583	1057	1055	95.65	1168088	5295158	0.09	0.02	1	-1	seq02	seq1	
151666	159962	3107766	3099386	8297	8381	93.27	1168088	5295158	0.71	0.16	1	-1	seq02	seq1	
149262	151666	3110325	3107862	2405	2464	91.56	1168088	5295158	0.21	0.05	1	-1	seq02	seq1	
143180	149067	3121934	3116047	5888	5888	95.81	1168088	5295158	0.50	0.11	1	-1	seq02	seq1	
140854	143040	3124234	3122062	2187	2173	92.74	1168088	5295158	0.19	0.04	1	-1	seq02	seq1	
133864	140553	3131087	3124365	6690	6723	93.93	1168088	5295158	0.57	0.13	1	-1	seq02	seq1	
130164	133772	3136691	3133080	3609	3612	95.16	1168088	5295158	0.31	0.07	1	-1	seq02	seq1	
123976	128797	3141546	3136727	4822	4820	92.08	1168088	5295158	0.41	0.09	1	-1	seq02	seq1	
121316	121972	3143230	3142574	657	657	97.72	1168088	5295158	0.06	0.01	1	-1	seq02	seq1	
118150	121320	3146547	3143378	3171	3170	94.58	1168088	5295158	0.27	0.06	1	-1	seq02	seq1	
108807	117054	3154825	3146593	8248	8233	94.49	1168088	5295158	0.71	0.16	1	-1	seq02	seq1	
105661	108668	3169978	3166970	3008	3009	93.30	1168088	5295158	0.26	0.06	1	-1	seq02	seq1	
96459	103149	3176760	3170060	6691	6701	92.47	1168088	5295158	0.57	0.13	1	-1	seq02	seq1	
91292	96439	3182711	3177564	5148	5148	95.30	1168088	5295158	0.44	0.10	1	-1	seq02	seq1	
35133	35982	3183697	3182865	850	833	90.98	94850	5295158	0.90	0.02	1	-1	seq09	seq1	
34072	34255	3183897	3183714	184	184	93.48	94850	5295158	0.19	0.00	1	-1	seq09	seq1	
32717	33062	3185269	3184924	346	346	93.93	94850	5295158	0.36	0.01	1	-1	seq09	seq1	
74567	91116	3201814	3185263	16550	16552	93.49	1168088	5295158	1.42	0.31	1	-1	seq02	seq1	
67465	69247	3203600	3201806	1783	1795	92.20	1168088	5295158	0.15	0.03	1	-1	seq02	seq1	
63189	65470	3205903	3203622	2282	2282	95.01	1168088	5295158	0.20	0.04	1	-1	seq02	seq1	
60703	63050	3208426	3206079	2348	2348	93.83	1168088	5295158	0.20	0.04	1	-1	seq02	seq1	
46084	60374	3224136	3209819	14291	14318	92.85	1168088	5295158	1.22	0.27	1	-1	seq02	seq1	
43852	45155	3225459	3224151	1304	1309	88.45	1168088	5295158	0.11	0.02	1	-1	seq02	seq1	
37083	41684	3230901	3226331	4602	4571	91.79	1168088	5295158	0.39	0.09	1	-1	seq02	seq1	
35047	37235	3233024	3230838	2189	2187	96.39	1168088	5295158	0.19	0.04	1	-1	seq02	seq1	
25940	35047	3242263	3233177	9108	9087	93.54	1168088	5295158	0.78	0.17	1	-1	seq02	seq1	
24569	25921	3245621	3244270	1353	1352	90.84	1168088	5295158	0.12	0.03	1	-1	seq02	seq1	
23561	24441	3246600	3245720	881	881	90.58	1168088	5295158	0.08	0.02	1	-1	seq02	seq1	
19785	21934	3248897	3246748	2150	2150	90.63	1168088	5295158	0.18	0.04	1	-1	seq02	seq1	
17809	19667	3251404	3249522	1859	1883	87.54	1168088	5295158	0.16	0.04	1	-1	seq02	seq1	
11048	17159	3258198	3252051	6112	6148	92.49	1168088	5295158	0.52	0.12	1	-1	seq02	seq1	
10294	10926	3258828	3258198	633	631	89.61	1168088	5295158	0.05	0.01	1	-1	seq02	seq1	
9741	10175	3259360	3258935	435	426	83.52	1168088	5295158	0.04	0.01	1	-1	seq02	seq1	
1	1387	3268837	3270222	1387	1386	97.48	1387	5295158	100.00	0.03	1	1	seq17	seq1	[CONTAINED]
1	9597	3268962	3259361	9597	9602	95.62	1168088	5295158	0.82	0.18	1	-1	seq02	seq1	
932568	936557	3274087	3270096	3990	3992	93.60	936557	5295158	0.43	0.08	1	-1	seq03	seq1	
922759	932481	3284880	3275161	9723	9720	92.92	936557	5295158	1.04	0.18	1	-1	seq03	seq1	
921375	922747	3286686	3285316	1373	1371	91.99	936557	5295158	0.15	0.03	1	-1	seq03	seq1	
918777	919472	3287379	3286684	696	696	96.26	936557	5295158	0.07	0.01	1	-1	seq03	seq1	
913865	918779	3293636	3288722	4915	4915	95.24	936557	5295158	0.52	0.09	1	-1	seq03	seq1	
909312	913870	3298416	3293784	4559	4633	93.15	936557	5295158	0.49	0.09	1	-1	seq03	seq1	
908739	909313	3300006	3299432	575	575	94.79	936557	5295158	0.06	0.01	1	-1	seq03	seq1	
898455	908740	3311443	3301088	10286	10356	93.03	936557	5295158	1.10	0.20	1	-1	seq03	seq1	
879864	897684	3330067	3312259	17821	17809	94.65	936557	5295158	1.90	0.34	1	-1	seq03	seq1	
876960	879852	3333999	3331107	2893	2893	94.48	936557	5295158	0.31	0.05	1	-1	seq03	seq1	
875512	876804	3344123	3342830	1293	1294	91.81	936557	5295158	0.14	0.02	1	-1	seq03	seq1	
860910	874441	3359244	3345718	13532	13527	95.20	936557	5295158	1.44	0.26	1	-1	seq03	seq1	
860460	860682	3359955	3359733	223	223	86.22	936557	5295158	0.02	0.00	1	-1	seq03	seq1	
847561	848513	3362355	3361404	953	952	88.58	936557	5295158	0.10	0.02	1	-1	seq03	seq1	
844875	847304	3364926	3362536	2430	2391	90.29	936557	5295158	0.26	0.05	1	-1	seq03	seq1	
834617	844013	3375115	3365704	9397	9412	92.09	936557	5295158	1.00	0.18	1	-1	seq03	seq1	
823342	833425	3386510	3376364	10084	10147	89.59	936557	5295158	1.08	0.19	1	-1	seq03	seq1	
766557	823236	3443324	3386625	56680	56700	92.69	936557	5295158	6.05	1.07	1	-1	seq03	seq1	
761354	766557	3448620	3443477	5204	5144	94.28	936557	5295158	0.56	0.10	1	-1	seq03	seq1	
750238	761233	3459553	3448620	10996	10934	95.03	936557	5295158	1.17	0.21	1	-1	seq03	seq1	
731189	748851	3477315	3459600	17663	17716	95.68	936557	5295158	1.89	0.33	1	-1	seq03	seq1	
675214	731006	3533229	3477498	55793	55732	95.38	936557	5295158	5.96	1.05	1	-1	seq03	seq1	
649471	675052	3558786	3533254	25582	25533	94.81	936557	5295158	2.73	0.48	1	-1	seq03	seq1	
587820	649445	3621007	3559244	61626	61764	95.04	936557	5295158	6.58	1.17	1	-1	seq03	seq1	
587470	587710	3621256	3621016	241	241	93.80	936557	5295158	0.03	0.00	1	-1	seq03	seq1	
560572	587465	3648292	3621409	26894	26884	94.48	936557	5295158	2.87	0.51	1	-1	seq03	seq1	
560212	560571	3649028	3648669	360	360	97.50	936557	5295158	0.04	0.01	1	-1	seq03	seq1	
492041	559106	3716096	3649032	67066	67065	95.70	936557	5295158	7.16	1.27	1	-1	seq03	seq1	
487731	491823	3720413	3716324	4093	4090	96.21	936557	5295158	0.44	0.08	1	-1	seq03	seq1	
485954	486536	3721076	3720494	583	583	86.86	936557	5295158	0.06	0.01	1	-1	seq03	seq1	
471017	483315	3734738	3722448	12299	12291	95.29	936557	5295158	1.31	0.23	1	-1	seq03	seq1	
467757	471021	3738672	3735416	3265	3257	92.47	936557	5295158	0.35	0.06	1	-1	seq03	seq1	
453296	467625	3754018	3739747	14330	14272	92.85	936557	5295158	1.53	0.27	1	-1	seq03	seq1	
453081	453300	3754380	3754166	220	215	87.73	936557	5295158	0.02	0.00	1	-1	seq03	seq1	
436771	452978	3771928	3755735	16208	16194	95.02	936557	5295158	1.73	0.31	1	-1	seq03	seq1	
405232	436910	3803709	3771987	31679	31723	96.10	936557	5295158	3.38	0.60	1	-1	seq03	seq1	
398361	405014	3810511	3803863	6654	6649	97.27	936557	5295158	0.71	0.13	1	-1	seq03	seq1	
391207	398364	3818142	3810979	7158	7164	94.65	936557	5295158	0.76	0.14	1	-1	seq03	seq1	
389407	391096	3830199	3828510	1690	1690	96.33	936557	5295158	0.18	0.03	1	-1	seq03	seq1	
387575	389173	3831961	3830348	1599	1614	82.75	936557	5295158	0.17	0.03	1	-1	seq03	seq1	
373521	387497	3846409	3832433	13977	13977	94.53	936557	5295158	1.49	0.26	1	-1	seq03	seq1	
364481	373519	3855549	3846511	9039	9039	95.41	936557	5295158	0.97	0.17	1	-1	seq03	seq1	
363286	364369	3857190	3856108	1084	1083	91.98	936557	5295158	0.12	0.02	1	-1	seq03	seq1	
354616	362974	3866331	3857978	8359	8354	96.32	936557	5295158	0.89	0.16	1	-1	seq03	seq1	
346740	352514	3872231	3866449	5775	5783	94.59	936557	5295158	0.62	0.11	1	-1	seq03	seq1	
342883	346545	3875912	3872224	3663	3689	92.85	936557	5295158	0.39	0.07	1	-1	seq03	seq1	
340208	342884	3880484	3877799	2677	2686	93.15	936557	5295158	0.29	0.05	1	-1	seq03	seq1	
339906	340213	3881886	3881584	308	303	94.82	936557	5295158	0.03	0.01	1	-1	seq03	seq1	
321040	327709	3890024	3883414	6670	6611	94.31	936557	5295158	0.71	0.12	1	-1	seq03	seq1	
316258	320562	3894492	3890060	4305	4433	92.04	936557	5295158	0.46	0.08	1	-1	seq03	seq1	
312505	313836	3895905	3894494	1332	1412	86.27	936557	5295158	0.14	0.03	1	-1	seq03	seq1	
299343	312366	3908982	3895996	13024	12987	94.75	936557	5295158	1.39	0.25	1	-1	seq03	seq1	
296183	297509	3910302	3908971	1327	1332	93.85	936557	5295158	0.14	0.03	1	-1	seq03	seq1	
294850	295000	3910950	3910801	151	150	92.72	936557	5295158	0.02	0.00	1	-1	seq03	seq1	
280661	294139	3924526	3910969	13479	13558	95.28	936557	5295158	1.44	0.26	1	-1	seq03	seq1	
272968	276253	3927939	3924656	3286	3284	95.13	936557	5295158	0.35	0.06	1	-1	seq03	seq1	
267405	272968	3933636	3928091	5564	5546	96.48	936557	5295158	0.59	0.10	1	-1	seq03	seq1	
264404	266907	3936128	3933626	2504	2503	94.25	936557	5295158	0.27	0.05	1	-1	seq03	seq1	
260656	262959	3939021	3936741	2304	2281	92.93	936557	5295158	0.25	0.04	1	-1	seq03	seq1	
255172	258539	3944329	3940962	3368	3368	94.69	936557	5295158	0.36	0.06	1	-1	seq03	seq1	
251365	253258	3946221	3944328	1894	1894	95.04	936557	5295158	0.20	0.04	1	-1	seq03	seq1	
250384	251365	3947327	3946346	982	982	98.07	936557	5295158	0.10	0.02	1	-1	seq03	seq1	
249264	250302	3949501	3948464	1039	1038	93.36	936557	5295158	0.11	0.02	1	-1	seq03	seq1	
236166	249160	3965436	3952444	12995	12993	94.63	936557	5295158	1.39	0.25	1	-1	seq03	seq1	
234776	235810	3968037	3967003	1035	1035	95.17	936557	5295158	0.11	0.02	1	-1	seq03	seq1	
232749	234726	3970853	3968867	1978	1987	93.91	936557	5295158	0.21	0.04	1	-1	seq03	seq1	
231215	232384	3972000	3970844	1170	1157	94.11	936557	5295158	0.12	0.02	1	-1	seq03	seq1	
228314	230739	3974571	3972144	2426	2428	94.90	936557	5295158	0.26	0.05	1	-1	seq03	seq1	
225322	226204	3977716	3976834	883	883	94.93	936557	5295158	0.09	0.02	1	-1	seq03	seq1	
219480	223763	3982251	3977956	4284	4296	94.83	936557	5295158	0.46	0.08	1	-1	seq03	seq1	
216685	219347	3984897	3982259	2663	2639	92.46	936557	5295158	0.28	0.05	1	-1	seq03	seq1	
215509	216020	3985509	3984993	512	517	86.87	936557	5295158	0.05	0.01	1	-1	seq03	seq1	
210696	212279	3987426	3985842	1584	1585	94.70	936557	5295158	0.17	0.03	1	-1	seq03	seq1	
203989	209122	3992585	3987440	5134	5146	91.77	936557	5295158	0.55	0.10	1	-1	seq03	seq1	
202086	203755	4000288	3998621	1670	1668	94.37	936557	5295158	0.18	0.03	1	-1	seq03	seq1	
197890	200637	4004688	4001946	2748	2743	92.70	936557	5295158	0.29	0.05	1	-1	seq03	seq1	
184911	189727	4030373	4025559	4817	4815	92.86	936557	5295158	0.51	0.09	1	-1	seq03	seq1	
164384	171819	4061156	4053678	7436	7479	93.81	936557	5295158	0.79	0.14	1	-1	seq03	seq1	
161845	164400	4063895	4061331	2556	2565	96.57	936557	5295158	0.27	0.05	1	-1	seq03	seq1	
152228	159147	4070906	4063978	6920	6929	91.82	936557	5295158	0.74	0.13	1	-1	seq03	seq1	
151842	152117	4071301	4071023	276	279	83.99	936557	5295158	0.03	0.01	1	-1	seq03	seq1	
150852	151717	4072297	4071441	866	857	86.91	936557	5295158	0.09	0.02	1	-1	seq03	seq1	
142857	150645	4080282	4072504	7789	7779	95.95	936557	5295158	0.83	0.15	1	-1	seq03	seq1	
142239	142867	4081078	4080449	629	630	95.71	936557	5295158	0.07	0.01	1	-1	seq03	seq1	
139988	142244	4084048	4081793	2257	2256	94.15	936557	5295158	0.24	0.04	1	-1	seq03	seq1	
133727	139959	4096255	4090090	6233	6166	93.57	936557	5295158	0.67	0.12	1	-1	seq03	seq1	
133283	133762	4097785	4097306	480	480	96.04	936557	5295158	0.05	0.01	1	-1	seq03	seq1	
131385	133474	4100765	4098680	2090	2086	90.60	936557	5295158	0.22	0.04	1	-1	seq03	seq1	
120505	131249	4111537	4100799	10745	10739	95.63	936557	5295158	1.15	0.20	1	-1	seq03	seq1	
106103	120437	4126000	4111673	14335	14328	95.45	936557	5295158	1.53	0.27	1	-1	seq03	seq1	
103279	104114	4126891	4126053	836	839	91.67	936557	5295158	0.09	0.02	1	-1	seq03	seq1	
98249	100250	4129106	4127158	2002	1949	91.22	936557	5295158	0.21	0.04	1	-1	seq03	seq1	
30625	30997	4140254	4139883	373	372	89.81	94850	5295158	0.39	0.01	1	-1	seq09	seq1	
95100	98253	4143574	4140396	3154	3179	93.90	936557	5295158	0.34	0.06	1	-1	seq03	seq1	
80446	95096	4159610	4144970	14651	14641	93.55	936557	5295158	1.56	0.28	1	-1	seq03	seq1	
72970	79195	4167040	4160808	6226	6233	91.77	936557	5295158	0.66	0.12	1	-1	seq03	seq1	
65850	72972	4176274	4169096	7123	7179	93.72	936557	5295158	0.76	0.14	1	-1	seq03	seq1	
65338	65847	4176906	4176397	510	510	96.47	936557	5295158	0.05	0.01	1	-1	seq03	seq1	
50008	65116	4192170	4177010	15109	15161	94.91	936557	5295158	1.61	0.29	1	-1	seq03	seq1	
45477	49763	4197358	4193072	4287	4287	92.27	936557	5295158	0.46	0.08	1	-1	seq03	seq1	
33093	43440	4209441	4199057	10348	10385	93.31	936557	5295158	1.10	0.20	1	-1	seq03	seq1	
24494	28074	4213024	4209442	3581	3583	95.84	936557	5295158	0.38	0.07	1	-1	seq03	seq1	
1	24110	4242511	4218404	24110	24108	94.60	936557	5295158	2.57	0.46	1	-1	seq03	seq1	
200572	204691	4251343	4247173	4120	4171	93.88	204691	5295158	2.01	0.08	1	-1	seq07	seq1	
186639	200248	4265374	4251767	13610	13608	94.97	204691	5295158	6.65	0.26	1	-1	seq07	seq1	
155058	186639	4298540	4266916	31582	31625	95.68	204691	5295158	15.43	0.60	1	-1	seq07	seq1	
151930	154650	4301253	4298532	2721	2722	94.97	204691	5295158	1.33	0.05	1	-1	seq07	seq1	
137158	151897	4316184	4301437	14740	14748	93.80	204691	5295158	7.20	0.28	1	-1	seq07	seq1	
133170	135602	4320160	4317731	2433	2430	94.05	204691	5295158	1.19	0.05	1	-1	seq07	seq1	
117564	133043	4336108	4320585	15480	15524	92.44	204691	5295158	7.56	0.29	1	-1	seq07	seq1	
99440	116840	4361777	4344466	17401	17312	94.47	204691	5295158	8.50	0.33	1	-1	seq07	seq1	
85805	99445	4376071	4362359	13641	13713	95.03	204691	5295158	6.66	0.26	1	-1	seq07	seq1	
76425	85818	4385675	4376348	9394	9328	93.31	204691	5295158	4.59	0.18	1	-1	seq07	seq1	
40425	75554	4421648	4386546	35130	35103	94.76	204691	5295158	17.16	0.66	1	-1	seq07	seq1	
34020	35149	4422785	4421653	1130	1133	95.94	204691	5295158	0.55	0.02	1	-1	seq07	seq1	
18349	34018	4438695	4422934	15670	15762	95.15	204691	5295158	7.66	0.30	1	-1	seq07	seq1	
15171	15347	4441450	4441274	177	177	91.06	204691	5295158	0.09	0.00	1	-1	seq07	seq1	
11264	15114	4464196	4460357	3851	3840	95.85	204691	5295158	1.88	0.07	1	-1	seq07	seq1	
1	11266	4475624	4464344	11266	11281	95.97	204691	5295158	5.50	0.21	1	-1	seq07	seq1	
1	255	4479122	4478868	255	255	99.61	255	5295158	100.00	0.00	1	-1	seq30	seq1	[CONTAINED]
203181	238463	4515371	4480062	35283	35310	95.35	238463	5295158	14.80	0.67	1	-1	seq06	seq1	
200588	203188	4519030	4516427	2601	2604	92.78	238463	5295158	1.09	0.05	1	-1	seq06	seq1	
190610	200413	4529085	4519214	9804	9872	94.67	238463	5295158	4.11	0.19	1	-1	seq06	seq1	
139209	152907	4542804	4529061	13699	13744	96.36	238463	5295158	5.74	0.26	1	-1	seq06	seq1	
129069	139213	4553123	4542950	10145	10174	95.76	238463	5295158	4.25	0.19	1	-1	seq06	seq1	
122087	129077	4560253	4553271	6991	6983	95.98	238463	5295158	2.93	0.13	1	-1	seq06	seq1	
107830	122084	4574783	4560451	14255	14333	93.55	238463	5295158	5.98	0.27	1	-1	seq06	seq1	
95873	107825	4587555	4575545	11953	12011	94.86	238463	5295158	5.01	0.23	1	-1	seq06	seq1	
89317	94797	4594235	4588721	5481	5515	96.12	238463	5295158	2.30	0.10	1	-1	seq06	seq1	
87882	89293	4597043	4595632	1412	1412	92.63	238463	5295158	0.59	0.03	1	-1	seq06	seq1	
52996	85955	4629980	4597079	32960	32902	94.84	238463	5295158	13.82	0.62	1	-1	seq06	seq1	
51458	52806	4631379	4630031	1349	1349	95.11	238463	5295158	0.57	0.03	1	-1	seq06	seq1	
12593	50395	4671487	4633609	37803	37879	96.41	238463	5295158	15.85	0.72	1	-1	seq06	seq1	
1	12587	4684424	4671794	12587	12631	96.57	238463	5295158	5.28	0.24	1	-1	seq06	seq1	
1	2326	4686623	4684298	2326	2326	100.00	2326	5295158	100.00	0.04	1	-1	seq16	seq1	[CONTAINED]
5065	5329	4689140	4688876	265	265	91.73	5329	5295158	4.97	0.01	1	-1	seq15	seq1	
1	255	4695147	4694893	255	255	99.61	255	5295158	100.00	0.00	1	-1	seq28	seq1	[CONTAINED]
4915	5329	4696536	4696116	415	421	86.97	5329	5295158	7.79	0.01	1	-1	seq15	seq1	
1	787	4702303	4703089	787	787	100.00	787	5295158	100.00	0.01	1	1	seq18	seq1	[CONTAINED]
1	460	4703126	4703585	460	460	100.00	460	5295158	100.00	0.01	1	1	seq20	seq1	[CONTAINED]
1	4464	4704700	4709185	4464	4486	95.39	8671	5295158	51.48	0.08	1	1	seq14	seq1	
5579	6629	4710247	4711298	1051	1052	94.12	8671	5295158	12.12	0.02	1	1	seq14	seq1	
7355	8671	4711299	4712614	1317	1316	97.27	8671	5295158	15.19	0.02	1	1	seq14	seq1	
1	290	4715507	4715796	290	290	100.00	290	5295158	100.00	0.01	1	1	seq24	seq1	[CONTAINED]
1	15801	4724407	4740159	15801	15753	95.79	15801	5295158	100.00	0.30	1	1	seq12	seq1	[CONTAINED]
1	286	4740047	4740332	286	286	99.65	286	5295158	100.00	0.01	1	1	seq25	seq1	[CONTAINED]
1	14351	4744935	4759363	14351	14429	97.25	96920	5295158	14.81	0.27	1	1	seq08	seq1	
14500	15907	4759363	4760769	1408	1407	93.40	96920	5295158	1.45	0.03	1	1	seq08	seq1	
15929	20114	4762313	4766493	4186	4181	95.51	96920	5295158	4.32	0.08	1	1	seq08	seq1	
20221	28041	4766337	4774145	7821	7809	96.37	96920	5295158	8.07	0.15	1	1	seq08	seq1	
28039	28365	4775865	4776190	327	326	95.41	96920	5295158	0.34	0.01	1	1	seq08	seq1	
28597	34659	4781632	4787702	6063	6071	95.08	96920	5295158	6.26	0.11	1	1	seq08	seq1	
34765	40440	4789393	4795070	5676	5678	94.47	96920	5295158	5.86	0.11	1	1	seq08	seq1	
40440	43025	4795195	4797780	2586	2586	95.17	96920	5295158	2.67	0.05	1	1	seq08	seq1	
43021	51607	4797926	4806509	8587	8584	95.33	96920	5295158	8.86	0.16	1	1	seq08	seq1	
51607	53895	4806662	4808952	2289	2291	95.94	96920	5295158	2.36	0.04	1	1	seq08	seq1	
55129	62398	4808945	4816197	7270	7253	93.06	96920	5295158	7.50	0.14	1	1	seq08	seq1	
62413	67691	4816717	4821992	5279	5276	94.77	96920	5295158	5.45	0.10	1	1	seq08	seq1	
68589	69566	4822894	4823871	978	978	88.85	96920	5295158	1.01	0.02	1	1	seq08	seq1	
72342	80133	4823875	4831634	7792	7760	92.04	96920	5295158	8.04	0.15	1	1	seq08	seq1	
87191	96920	4831645	4841374	9730	9730	97.23	96920	5295158	10.04	0.18	1	1	seq08	seq1	
1	58607	4845829	4904445	58607	58617	98.72	58607	5295158	100.00	1.11	1	1	seq10	seq1	[CONTAINED]
148	230	4909026	4909108	83	83	100.00	517	5295158	16.05	0.00	1	1	seq19	seq1	
1	43646	4914560	4958229	43646	43670	97.45	48540	5295158	89.92	0.82	1	1	seq11	seq1	
43642	48540	4958378	4963277	4899	4900	97.61	48540	5295158	10.09	0.09	1	1	seq11	seq1	
1	134	4963249	4963116	134	134	99.25	5329	5295158	2.51	0.00	1	-1	seq15	seq1	
48385	48540	4982658	4982813	156	156	100.00	48540	5295158	0.32	0.00	1	1	seq11	seq1	
1	14901	4982784	4967915	14901	14870	97.09	14901	5295158	100.00	0.28	1	-1	seq13	seq1	[CONTAINED]
1	31325	4986342	5017674	31325	31333	97.28	291780	5295158	10.74	0.59	1	1	seq04	seq1	
1	394	4986683	4986290	394	394	99.75	394	5295158	100.00	0.01	1	-1	seq22	seq1	[CONTAINED]
31444	38944	5017671	5025171	7501	7501	97.21	291780	5295158	2.57	0.14	1	1	seq04	seq1	
39036	116515	5025870	5103573	77480	77704	94.89	291780	5295158	26.55	1.47	1	1	seq04	seq1	
117235	125802	5103627	5112200	8568	8574	95.91	291780	5295158	2.94	0.16	1	1	seq04	seq1	
126021	132734	5112232	5118924	6714	6693	95.76	291780	5295158	2.30	0.13	1	1	seq04	seq1	
132824	138049	5119136	5124361	5226	5226	96.27	291780	5295158	1.79	0.10	1	1	seq04	seq1	
138271	140427	5124405	5126562	2157	2158	89.50	291780	5295158	0.74	0.04	1	1	seq04	seq1	
140389	142301	5137280	5139185	1913	1906	93.07	291780	5295158	0.66	0.04	1	1	seq04	seq1	
150802	156062	5139182	5144460	5261	5279	91.20	291780	5295158	1.80	0.10	1	1	seq04	seq1	
156712	177071	5145173	5165544	20360	20372	96.51	291780	5295158	6.98	0.38	1	1	seq04	seq1	
177161	178916	5165732	5167539	1756	1808	95.13	291780	5295158	0.60	0.03	1	1	seq04	seq1	
178798	180194	5167669	5169065	1397	1397	97.49	291780	5295158	0.48	0.03	1	1	seq04	seq1	
180194	186160	5169190	5175161	5967	5972	96.32	291780	5295158	2.05	0.11	1	1	seq04	seq1	
186023	198461	5175147	5187664	12439	12518	97.35	291780	5295158	4.26	0.24	1	1	seq04	seq1	
198456	206407	5187902	5195869	7952	7968	93.57	291780	5295158	2.73	0.15	1	1	seq04	seq1	
206162	215482	5195822	5205132	9321	9311	94.87	291780	5295158	3.19	0.18	1	1	seq04	seq1	
215640	219241	5205138	5208740	3602	3603	97.53	291780	5295158	1.23	0.07	1	1	seq04	seq1	
219279	223452	5210521	5214690	4174	4170	94.63	291780	5295158	1.43	0.08	1	1	seq04	seq1	
224164	225812	5214769	5216417	1649	1649	98.48	291780	5295158	0.57	0.03	1	1	seq04	seq1	
242048	242773	5228510	5229234	726	725	93.41	291780	5295158	0.25	0.01	1	1	seq04	seq1	
243722	244632	5229358	5230268	911	911	93.42	291780	5295158	0.31	0.02	1	1	seq04	seq1	
244797	251330	5231402	5237922	6534	6521	96.16	291780	5295158	2.24	0.12	1	1	seq04	seq1	
252257	252454	5237912	5238112	198	201	91.54	291780	5295158	0.07	0.00	1	1	seq04	seq1	
252456	254468	5239641	5241653	2013	2013	95.68	291780	5295158	0.69	0.04	1	1	seq04	seq1	
254671	255850	5241856	5243049	1180	1194	85.12	291780	5295158	0.40	0.02	1	1	seq04	seq1	
256361	264096	5244251	5252023	7736	7773	95.12	291780	5295158	2.65	0.15	1	1	seq04	seq1	
266009	291196	5253939	5279087	25188	25149	94.67	291780	5295158	8.63	0.47	1	1	seq04	seq1	
80123	85841	10738	16433	5719	5696	97.13	96920	402605	5.90	1.41	1	1	seq08	seq2	
85841	86983	18451	19596	1143	1146	92.76	96920	402605	1.18	0.28	1	1	seq08	seq2	
89037	89544	91783	92286	508	504	88.58	1770296	402605	0.03	0.13	1	1	seq01	seq2	
766158	767736	139653	138082	1579	1572	85.23	1168088	402605	0.14	0.39	1	-1	seq02	seq2	
193053	194288	182829	184058	1236	1230	81.42	204691	402605	0.60	0.31	1	1	seq07	seq2	
144543	147041	213376	215872	2499	2497	94.77	1770296	402605	0.14	0.62	1	1	seq01	seq2	
147049	147311	216219	216481	263	263	84.91	1770296	402605	0.01	0.07	1	1	seq01	seq2	
174035	174896	249591	250453	862	863	94.44	936557	402605	0.09	0.21	1	1	seq03	seq2	
58010	58143	261152	261020	134	133	87.31	94850	402605	0.14	0.03	1	-1	seq09	seq2	
616013	627728	292884	281166	11716	11719	94.24	1168088	402605	1.00	2.91	1	-1	seq02	seq2	
605248	605593	323726	324071	346	346	89.34	1770296	402605	0.02	0.09	1	1	seq01	seq2	
221933	223160	347337	346131	1228	1207	91.23	1168088	402605	0.11	0.30	1	-1	seq02	seq2	
220224	220867	348134	347492	644	643	90.22	1168088	402605	0.06	0.16	1	-1	seq02	seq2	
215478	215635	375701	375858	158	158	96.84	291780	402605	0.05	0.04	1	1	seq04	seq2	
167118	167784	380463	379797	667	667	84.90	238463	402605	0.28	0.17	1	-1	seq06	seq2	
166298	166394	381736	381640	97	97	97.94	238463	402605	0.04	0.02	1	-1	seq06	seq2	
226454	227326	398326	399198	873	873	90.72	936557	402605	0.09	0.22	1	1	seq03	seq2	
